202444010101
202444010102
202444010103
202444010104
202444010105
202444010106
202444010107
202444010108
202444010109
202444010110
202444010111
202444010112
202444010201
202444010202
202444010203
202444010204
202444111405
202444111406
202444010205
202444010206
202444010207
202444010208
202444010209
202444010210
202444010211
202444010212
202444010301
202444010302
202444010303
202444010304
202444010305
202444010306
202444010307
202444010308
202444010309
202444010310
202444010311
202444010312
202444010401
202444010402
202444010403
202444010404
202444010405
202444010406
202444010407
202444010408
202444010409
202444010410
202444010411
202444010412
202444010501
202444010502
202444010503
202444010504
202444010505
202444010506
202444010507
202444010508
202444010509
202444010510
202444010511
202444010512
202444010601
202444010602
202444010603
202444010604
202444010605
202444010606
202444010607
202444010608
202444010609
202444010610
202444010611
202444010612
202444010701
202444010702
202444010703
202444010704
202444010705
202444010706
202444010707
202444010708
202444010709
202444010710
202444010711
202444010712
202444010801
202444010802
202444010803
202444010804
202444010805
202444010806
202444010807
202444010808
202444010809
202444010810
202444010811
202444010812
202444010901
202444010902
202444010903
202444010904
202444010905
202444010906
202444010907
202444010908
202444010909
202444010910
202444010911
202444010912
202444011001
202444011002
202444011003
202444011004
202444011005
202444011006
202444011007
202444011008
202444011009
202444011010
202444011011
202444011012
202444011101
202444011102
202444011103
202444011104
202444011105
202444011106
202444011107
202444011108
202444011109
202444011110
202444011111
202444011112
202444011201
202444011202
202444011203
202444011204
202444011205
202444011206
202444011207
202444011208
202444011209
202444011210
202444011211
202444011212
202444011301
202444011302
202444011303
202444011304
202444011305
202444011306
202444011307
202444011308
202444011309
202444011310
202444011311
202444011312
202444011401
202444011402
202444011403
202444011404
202444011405
202444011406
202444011407
202444011408
202444011409
202444011410
202444011411
202444011412
202444011501
202444011502
202444011503
202444011504
202444011505
202444011506
202444011507
202444011508
202444011509
202444011510
202444011511
202444011512
202444011601
202444011602
202444011603
202444011604
202444011605
202444011606
202444011607
202444011608
202444011609
202444011610
202444011611
202444011612
202444011701
202444011702
202444011703
202444011704
202444011705
202444011706
202444011707
202444011708
202444011709
202444011710
202444011711
202444011712
202444011801
202444011802
202444011803
202444011804
202444011805
202444011806
202444011807
202444011808
202444011809
202444011810
202444011811
202444011812
202444011901
202444011902
202444011903
202444011904
202444011905
202444011906
202444011907
202444011908
202444011909
202444011910
202444011911
202444011912
202444012001
202444012002
202444012003
202444012004
202444012005
202444012006
202444012007
202444012008
202444012009
202444012010
202444012011
202444012012
202444012101
202444012102
202444012103
202444012104
202444012105
202444012106
202444012107
202444012108
202444012109
202444012110
202444012111
202444012112
202444012201
202444012202
202444012203
202444012204
202444012205
202444012206
202444012207
202444012208
202444012209
202444012210
202444012211
202444012212
202444012301
202444012302
202444012303
202444012304
202444012305
202444012306
202444012307
202444012308
202444012309
202444012310
202444012311
202444012312
202444012401
202444012402
202444012403
202444012404
202444012405
202444012406
202444012407
202444012408
202444012409
202444012410
202444012411
202444012412
202444012501
202444012502
202444012503
202444012504
202444012505
202444012506
202444012507
202444012508
202444012509
202444012510
202444012511
202444012512
202444012601
202444012602
202444012603
202444012604
202444012605
202444012606
202444012607
202444012608
202444012609
202444012610
202444012611
202444012612
202444012701
202444012702
202444012703
202444012704
202444012705
202444012706
202444012707
202444012708
202444012709
202444012710
202444012711
202444012712
202444012801
202444012802
202444012803
202444012804
202444012805
202444012806
202444012807
202444012808
202444012809
202444012810
202444012811
202444012812
202444012901
202444012902
202444012903
202444012904
202444012905
202444012906
202444012907
202444012908
202444012909
202444012910
202444012911
202444012912
202444013001
202444013002
202444013003
202444013004
202444013005
202444013006
202444013007
202444013008
202444013009
202444013010
202444013011
202444013012
202444013101
202444013102
202444013103
202444013104
202444013105
202444013106
202444013107
202444013108
202444013109
202444013110
202444013111
202444013112
202444020101
202444020102
202444020103
202444020104
202444020105
202444020106
202444020107
202444020108
202444020109
202444020110
202444020111
202444020112
202444020201
202444020202
202444020203
202444020204
202444020205
202444020206
202444020207
202444020208
202444020209
202444020210
202444020211
202444020212
202444020301
202444020302
202444020303
202444020304
202444020305
202444020306
202444020307
202444020308
202444020309
202444020310
202444020311
202444020312
202444020401
202444020402
202444020403
202444020404
202444020405
202444020406
202444020407
202444020408
202444020409
202444020410
202444020411
202444020412
202444020501
202444020502
202444020503
202444020504
202444020505
202444020506
202444020507
202444020508
202444020509
202444020510
202444020511
202444020512
202444020601
202444020602
202444020603
202444020604
202444020605
202444020606
202444020607
202444020608
202444020609
202444020610
202444020611
202444020612
202444020701
202444020702
202444020703
202444020704
202444020705
202444020706
202444020707
202444020708
202444020709
202444020710
202444020711
202444020712
202444020801
202444020802
202444020803
202444020804
202444020805
202444020806
202444020807
202444020808
202444020809
202444020810
202444020811
202444020812
202444020901
202444020902
202444020903
202444020904
202444020905
202444020906
202444020907
202444020908
202444020909
202444020910
202444020911
202444020912
202444021001
202444021002
202444021003
202444021004
202444021005
202444021006
202444021007
202444021008
202444021009
202444021010
202444021011
202444021012
202444021101
202444021102
202444021103
202444021104
202444021105
202444021106
202444021107
202444021108
202444021109
202444021110
202444021111
202444021112
202444021201
202444021202
202444021203
202444021204
202444021205
202444021206
202444021207
202444021208
202444021209
202444021210
202444021211
202444021212
202444021301
202444021302
202444021303
202444021304
202444021305
202444021306
202444021307
202444021308
202444021309
202444021310
202444021311
202444021312
202444021401
202444021402
202444021403
202444021404
202444021405
202444021406
202444021407
202444021408
202444021409
202444021410
202444021411
202444021412
202444021501
202444021502
202444021503
202444021504
202444021505
202444021506
202444021507
202444021508
202444021509
202444021510
202444021511
202444021512
202444021601
202444021602
202444021603
202444021604
202444021605
202444021606
202444021607
202444021608
202444021609
202444021610
202444021611
202444021612
202444021701
202444021702
202444021703
202444021704
202444021705
202444021706
202444021707
202444021708
202444021709
202444021710
202444021711
202444021712
202444021801
202444021802
202444021803
202444021804
202444021805
202444021806
202444021807
202444021808
202444021809
202444021810
202444021811
202444021812
202444021901
202444021902
202444021903
202444021904
202444021905
202444021906
202444021907
202444021908
202444021909
202444021910
202444021911
202444021912
202444022001
202444022002
202444022003
202444022004
202444022005
202444022006
202444022007
202444022008
202444022009
202444022010
202444022011
202444022012
202444022101
202444022102
202444022103
202444022104
202444022105
202444022106
202444022107
202444022108
202444022109
202444022110
202444022111
202444022112
202444022201
202444022202
202444022203
202444022204
202444022205
202444022206
202444022207
202444022208
202444022209
202444022210
202444022211
202444022212
202444022301
202444022302
202444022303
202444022304
202444022305
202444022306
202444022307
202444022308
202444022309
202444022310
202444022311
202444022312
202444022401
202444022402
202444022403
202444022404
202444022405
202444022406
202444022407
202444022408
202444022409
202444022410
202444022411
202444022412
202444022501
202444022502
202444022503
202444022504
202444022505
202444022506
202444022507
202444022508
202444022509
202444022510
202444022511
202444022512
202444022601
202444022602
202444022603
202444022604
202444022605
202444022606
202444022607
202444022608
202444022609
202444022610
202444022611
202444022612
202444022701
202444022702
202444022703
202444022704
202444022705
202444022706
202444022707
202444022708
202444022709
202444022710
202444022711
202444022712
202444022801
202444022802
202444022803
202444022804
202444022805
202444022806
202444022807
202444022808
202444022809
202444022810
202444022811
202444022812
202444022901
202444022902
202444022903
202444022904
202444022905
202444022906
202444022907
202444022908
202444022909
202444022910
202444022911
202444022912
202444023001
202444023002
202444023003
202444023004
202444023005
202444023006
202444023007
202444023008
202444023009
202444023010
202444023011
202444023012
202444023101
202444023102
202444023103
202444023104
202444023105
202444023106
202444023107
202444023108
202444023109
202444023110
202444023111
202444023112
202444030101
202444030102
202444030103
202444030104
202444030105
202444030106
202444030107
202444030108
202444030109
202444030110
202444030111
202444030112
202444030201
202444030202
202444030203
202444030204
202444030205
202444030206
202444030207
202444030208
202444030209
202444030210
202444030211
202444030212
202444030301
202444030302
202444030303
202444030304
202444030305
202444030306
202444030307
202444030308
202444030309
202444030310
202444030311
202444030312
202444030401
202444030402
202444030403
202444030404
202444030405
202444030406
202444030407
202444030408
202444030409
202444030410
202444030411
202444030412
202444030501
202444030502
202444030503
202444030504
202444030505
202444030506
202444030507
202444030508
202444030509
202444030510
202444030511
202444030512
202444030601
202444030602
202444030603
202444030604
202444030605
202444030606
202444030607
202444030608
202444030609
202444030610
202444030611
202444030612
202444030701
202444030702
202444030703
202444030704
202444030705
202444030706
202444030707
202444030708
202444030709
202444030710
202444030711
202444030712
202444030801
202444030802
202444030803
202444030804
202444030805
202444030806
202444030807
202444030808
202444030809
202444030810
202444030811
202444030812
202444030901
202444030902
202444030903
202444030904
202444030905
202444030906
202444030907
202444030908
202444030909
202444030910
202444030911
202444030912
202444031001
202444031002
202444031003
202444031004
202444031005
202444031006
202444031007
202444031008
202444031009
202444031010
202444031011
202444031012
202444031101
202444031102
202444031103
202444031104
202444031105
202444031106
202444031107
202444031108
202444031109
202444031110
202444031111
202444031112
202444031201
202444031202
202444031203
202444031204
202444031205
202444031206
202444031207
202444031208
202444031209
202444031210
202444031211
202444031212
202444031301
202444031302
202444031303
202444031304
202444031305
202444031306
202444031307
202444031308
202444031309
202444031310
202444031311
202444031312
202444031401
202444031402
202444031403
202444031404
202444031405
202444031406
202444031407
202444031408
202444031409
202444031410
202444031411
202444031412
202444031501
202444031502
202444031503
202444031504
202444031505
202444031506
202444031507
202444031508
202444031509
202444031510
202444031511
202444031512
202444031601
202444031602
202444031603
202444031604
202444031605
202444031606
202444031607
202444031608
202444031609
202444031610
202444031611
202444031612
202444031701
202444031702
202444031703
202444031704
202444031705
202444031706
202444031707
202444031708
202444031709
202444031710
202444031711
202444031712
202444031801
202444031802
202444031803
202444031804
202444031805
202444031806
202444031807
202444031808
202444031809
202444031810
202444031811
202444031812
202444031901
202444031902
202444031903
202444031904
202444031905
202444031906
202444031907
202444031908
202444031909
202444031910
202444031911
202444031912
202444032001
202444032002
202444032003
202444032004
202444032005
202444032006
202444032007
202444032008
202444032009
202444032010
202444032011
202444032012
202444032101
202444032102
202444032103
202444032104
202444032105
202444032106
202444032107
202444032108
202444032109
202444032110
202444032111
202444032112
202444032201
202444032202
202444032203
202444032204
202444032205
202444032206
202444032207
202444032208
202444032209
202444032210
202444032211
202444032212
202444032301
202444032302
202444032303
202444032304
202444032305
202444032306
202444032307
202444032308
202444032309
202444032310
202444032311
202444032312
202444032401
202444032402
202444032403
202444032404
202444032405
202444032406
202444032407
202444032408
202444032409
202444032410
202444032411
202444032412
202444032501
202444032502
202444032503
202444032504
202444032505
202444032506
202444032507
202444032508
202444032509
202444032510
202444032511
202444032512
202444032601
202444032602
202444032603
202444032604
202444032605
202444032606
202444032607
202444032608
202444032609
202444032610
202444032611
202444032612
202444032701
202444032702
202444032703
202444032704
202444032705
202444032706
202444032707
202444032708
202444032709
202444032710
202444032711
202444032712
202444032801
202444032802
202444032803
202444032804
202444032805
202444032806
202444032807
202444032808
202444032809
202444032810
202444032811
202444032812
202444032901
202444032902
202444032903
202444032904
202444032905
202444032906
202444032907
202444032908
202444032909
202444032910
202444032911
202444032912
202444033001
202444033002
202444033003
202444033004
202444033005
202444033006
202444033007
202444033008
202444033009
202444033010
202444033011
202444033012
202444033101
202444033102
202444033103
202444033104
202444033105
202444033106
202444033107
202444033108
202444033109
202444033110
202444033111
202444033112
202444040101
202444040102
202444040103
202444040104
202444040105
202444040106
202444040107
202444040108
202444040109
202444040110
202444040111
202444040112
202444040201
202444040202
202444040203
202444040204
202444040205
202444040206
202444040207
202444040208
202444040209
202444040210
202444040211
202444040212
202444040301
202444040302
202444040303
202444040304
202444040305
202444040306
202444040307
202444040308
202444040309
202444040310
202444040311
202444040312
202444040401
202444040402
202444040403
202444040404
202444040405
202444040406
202444040407
202444040408
202444040409
202444040410
202444040411
202444040412
202444040501
202444040502
202444040503
202444040504
202444040505
202444040506
202444040507
202444040508
202444040509
202444040510
202444040511
202444040512
202444040601
202444040602
202444040603
202444040604
202444040605
202444040606
202444040607
202444040608
202444040609
202444040610
202444040611
202444040612
202444040701
202444040702
202444040703
202444040704
202444040705
202444040706
202444040707
202444040708
202444040709
202444040710
202444040711
202444040712
202444040801
202444040802
202444040803
202444040804
202444040805
202444040806
202444040807
202444040808
202444040809
202444040810
202444040811
202444040812
202444040901
202444040902
202444040903
202444040904
202444040905
202444040906
202444040907
202444040908
202444040909
202444040910
202444040911
202444040912
202444041001
202444041002
202444041003
202444041004
202444041005
202444041006
202444041007
202444041008
202444041009
202444041010
202444041011
202444041012
202444041101
202444041102
202444041103
202444041104
202444041105
202444041106
202444041107
202444041108
202444041109
202444041110
202444041111
202444041112
202444041201
202444041202
202444041203
202444041204
202444041205
202444041206
202444041207
202444041208
202444041209
202444041210
202444041211
202444041212
202444041301
202444041302
202444041303
202444041304
202444041305
202444041306
202444041307
202444041308
202444041309
202444041310
202444041311
202444041312
202444041401
202444041402
202444041403
202444041404
202444041405
202444041406
202444041407
202444041408
202444041409
202444041410
202444041411
202444041412
202444041501
202444041502
202444041503
202444041504
202444041505
202444041506
202444041507
202444041508
202444041509
202444041510
202444041511
202444041512
202444041601
202444041602
202444041603
202444041604
202444041605
202444041606
202444041607
202444041608
202444041609
202444041610
202444041611
202444041612
202444041701
202444041702
202444041703
202444041704
202444041705
202444041706
202444041707
202444041708
202444041709
202444041710
202444041711
202444041712
202444041801
202444041802
202444041803
202444041804
202444041805
202444041806
202444041807
202444041808
202444041809
202444041810
202444041811
202444041812
202444041901
202444041902
202444041903
202444041904
202444041905
202444041906
202444041907
202444041908
202444041909
202444041910
202444041911
202444041912
202444042001
202444042002
202444042003
202444042004
202444042005
202444042006
202444042007
202444042008
202444042009
202444042010
202444042011
202444042012
202444042101
202444042102
202444042103
202444042104
202444042105
202444042106
202444042107
202444042108
202444042109
202444042110
202444042111
202444042112
202444042201
202444042202
202444042203
202444042204
202444042205
202444042206
202444042207
202444042208
202444042209
202444042210
202444042211
202444042212
202444042301
202444042302
202444042303
202444042304
202444042305
202444042306
202444042307
202444042308
202444042309
202444042310
202444042311
202444042312
202444042401
202444042402
202444042403
202444042404
202444042405
202444042406
202444042407
202444042408
202444042409
202444042410
202444042411
202444042412
202444042501
202444042502
202444042503
202444042504
202444042505
202444042506
202444042507
202444042508
202444042509
202444042510
202444042511
202444042512
202444042601
202444042602
202444042603
202444042604
202444042605
202444042606
202444042607
202444042608
202444042609
202444042610
202444042611
202444042612
202444042701
202444042702
202444042703
202444042704
202444042705
202444042706
202444042707
202444042708
202444042709
202444042710
202444042711
202444042712
202444042801
202444042802
202444042803
202444042804
202444042805
202444042806
202444042807
202444042808
202444042809
202444042810
202444042811
202444042812
202444042901
202444042902
202444042903
202444042904
202444042905
202444042906
202444042907
202444042908
202444042909
202444042910
202444042911
202444042912
202444043001
202444043002
202444043003
202444043004
202444043005
202444043006
202444043007
202444043008
202444043009
202444043010
202444043011
202444043012
202444043101
202444043102
202444043103
202444043104
202444043105
202444043106
202444043107
202444043108
202444043109
202444043110
202444043111
202444043112
202444050101
202444050102
202444050103
202444050104
202444050105
202444050106
202444050107
202444050108
202444050109
202444050110
202444050111
202444050112
202444050201
202444050202
202444050203
202444050204
202444050205
202444050206
202444050207
202444050208
202444050209
202444050210
202444050211
202444050212
202444050301
202444050302
202444050303
202444050304
202444050305
202444050306
202444050307
202444050308
202444050309
202444050310
202444050311
202444050312
202444050401
202444050402
202444050403
202444050404
202444050405
202444050406
202444050407
202444050408
202444050409
202444050410
202444050411
202444050412
202444050501
202444050502
202444050503
202444050504
202444050505
202444050506
202444050507
202444050508
202444050509
202444050510
202444050511
202444050512
202444050601
202444050602
202444050603
202444050604
202444050605
202444050606
202444050607
202444050608
202444050609
202444050610
202444050611
202444050612
202444050701
202444050702
202444050703
202444050704
202444050705
202444050706
202444050707
202444050708
202444050709
202444050710
202444050711
202444050712
202444050801
202444050802
202444050803
202444050804
202444050805
202444050806
202444050807
202444050808
202444050809
202444050810
202444050811
202444050812
202444050901
202444050902
202444050903
202444050904
202444050905
202444050906
202444050907
202444050908
202444050909
202444050910
202444050911
202444050912
202444051001
202444051002
202444051003
202444051004
202444051005
202444051006
202444051007
202444051008
202444051009
202444051010
202444051011
202444051012
202444051101
202444051102
202444051103
202444051104
202444051105
202444051106
202444051107
202444051108
202444051109
202444051110
202444051111
202444051112
202444051201
202444051202
202444051203
202444051204
202444051205
202444051206
202444051207
202444051208
202444051209
202444051210
202444051211
202444051212
202444051301
202444051302
202444051303
202444051304
202444051305
202444051306
202444051307
202444051308
202444051309
202444051310
202444051311
202444051312
202444051401
202444051402
202444051403
202444051404
202444051405
202444051406
202444051407
202444051408
202444051409
202444051410
202444051411
202444051412
202444051501
202444051502
202444051503
202444051504
202444051505
202444051506
202444051507
202444051508
202444051509
202444051510
202444051511
202444051512
202444051601
202444051602
202444051603
202444051604
202444051605
202444051606
202444051607
202444051608
202444051609
202444051610
202444051611
202444051612
202444051701
202444051702
202444051703
202444051704
202444051705
202444051706
202444051707
202444051708
202444051709
202444051710
202444051711
202444051712
202444051801
202444051802
202444051803
202444051804
202444051805
202444051806
202444051807
202444051808
202444051809
202444051810
202444051811
202444051812
202444051901
202444051902
202444051903
202444051904
202444051905
202444051906
202444051907
202444051908
202444051909
202444051910
202444051911
202444051912
202444052001
202444052002
202444052003
202444052004
202444052005
202444052006
202444052007
202444052008
202444052009
202444052010
202444052011
202444052012
202444052101
202444052102
202444052103
202444052104
202444052105
202444052106
202444052107
202444052108
202444052109
202444052110
202444052111
202444052112
202444052201
202444052202
202444052203
202444052204
202444052205
202444052206
202444052207
202444052208
202444052209
202444052210
202444052211
202444052212
202444052301
202444052302
202444052303
202444052304
202444052305
202444052306
202444052307
202444052308
202444052309
202444052310
202444052311
202444052312
202444052401
202444052402
202444052403
202444052404
202444052405
202444052406
202444052407
202444052408
202444052409
202444052410
202444052411
202444052412
202444052501
202444052502
202444052503
202444052504
202444052505
202444052506
202444052507
202444052508
202444052509
202444052510
202444052511
202444052512
202444052601
202444052602
202444052603
202444052604
202444052605
202444052606
202444052607
202444052608
202444052609
202444052610
202444052611
202444052612
202444052701
202444052702
202444052703
202444052704
202444052705
202444052706
202444052707
202444052708
202444052709
202444052710
202444052711
202444052712
202444052801
202444052802
202444052803
202444052804
202444052805
202444052806
202444052807
202444052808
202444052809
202444052810
202444052811
202444052812
202444052901
202444052902
202444052903
202444052904
202444052905
202444052906
202444052907
202444052908
202444052909
202444052910
202444052911
202444052912
202444053001
202444053002
202444053003
202444053004
202444053005
202444053006
202444053007
202444053008
202444053009
202444053010
202444053011
202444053012
202444053101
202444053102
202444053103
202444053104
202444053105
202444053106
202444053107
202444053108
202444053109
202444053110
202444053111
202444053112
202444060101
202444060102
202444060103
202444060104
202444060105
202444060106
202444060107
202444060108
202444060109
202444060110
202444060111
202444060112
202444060201
202444060202
202444060203
202444060204
202444060205
202444060206
202444060207
202444060208
202444060209
202444060210
202444060211
202444060212
202444060301
202444060302
202444060303
202444060304
202444060305
202444060306
202444060307
202444060308
202444060309
202444060310
202444060311
202444060312
202444060401
202444060402
202444060403
202444060404
202444060405
202444060406
202444060407
202444060408
202444060409
202444060410
202444060411
202444060412
202444060501
202444060502
202444060503
202444060504
202444060505
202444060506
202444060507
202444060508
202444060509
202444060510
202444060511
202444060512
202444060601
202444060602
202444060603
202444060604
202444060605
202444060606
202444060607
202444060608
202444060609
202444060610
202444060611
202444060612
202444060701
202444060702
202444060703
202444060704
202444060705
202444060706
202444060707
202444060708
202444060709
202444060710
202444060711
202444060712
202444060801
202444060802
202444060803
202444060804
202444060805
202444060806
202444060807
202444060808
202444060809
202444060810
202444060811
202444060812
202444060901
202444060902
202444060903
202444060904
202444060905
202444060906
202444060907
202444060908
202444060909
202444060910
202444060911
202444060912
202444061001
202444061002
202444061003
202444061004
202444061005
202444061006
202444061007
202444061008
202444061009
202444061010
202444061011
202444061012
202444061101
202444061102
202444061103
202444061104
202444061105
202444061106
202444061107
202444061108
202444061109
202444061110
202444061111
202444061112
202444061201
202444061202
202444061203
202444061204
202444061205
202444061206
202444061207
202444061208
202444061209
202444061210
202444061211
202444061212
202444061301
202444061302
202444061303
202444061304
202444061305
202444061306
202444061307
202444061308
202444061309
202444061310
202444061311
202444061312
202444061401
202444061402
202444061403
202444061404
202444061405
202444061406
202444061407
202444061408
202444061409
202444061410
202444061411
202444061412
202444061501
202444061502
202444061503
202444061504
202444061505
202444061506
202444061507
202444061508
202444061509
202444061510
202444061511
202444061512
202444061601
202444061602
202444061603
202444061604
202444061605
202444061606
202444061607
202444061608
202444061609
202444061610
202444061611
202444061612
202444061701
202444061702
202444061703
202444061704
202444061705
202444061706
202444061707
202444061708
202444061709
202444061710
202444061711
202444061712
202444061801
202444061802
202444061803
202444061804
202444061805
202444061806
202444061807
202444061808
202444061809
202444061810
202444061811
202444061812
202444061901
202444061902
202444061903
202444061904
202444061905
202444061906
202444061907
202444061908
202444061909
202444061910
202444061911
202444061912
202444062001
202444062002
202444062003
202444062004
202444062005
202444062006
202444062007
202444062008
202444062009
202444062010
202444062011
202444062012
202444062101
202444062102
202444062103
202444062104
202444062105
202444062106
202444062107
202444062108
202444062109
202444062110
202444062111
202444062112
202444062201
202444062202
202444062203
202444062204
202444062205
202444062206
202444062207
202444062208
202444062209
202444062210
202444062211
202444062212
202444062301
202444062302
202444062303
202444062304
202444062305
202444062306
202444062307
202444062308
202444062309
202444062310
202444062311
202444062312
202444062401
202444062402
202444062403
202444062404
202444062405
202444062406
202444062407
202444062408
202444062409
202444062410
202444062411
202444062412
202444062501
202444062502
202444062503
202444062504
202444062505
202444062506
202444062507
202444062508
202444062509
202444062510
202444062511
202444062512
202444062601
202444062602
202444062603
202444062604
202444062605
202444062606
202444062607
202444062608
202444062609
202444062610
202444062611
202444062612
202444062701
202444062702
202444062703
202444062704
202444062705
202444062706
202444062707
202444062708
202444062709
202444062710
202444062711
202444062712
202444062801
202444062802
202444062803
202444062804
202444062805
202444062806
202444062807
202444062808
202444062809
202444062810
202444062811
202444062812
202444062901
202444062902
202444062903
202444062904
202444062905
202444062906
202444062907
202444062908
202444062909
202444062910
202444062911
202444062912
202444063001
202444063002
202444063003
202444063004
202444063005
202444063006
202444063007
202444063008
202444063009
202444063010
202444063011
202444063012
202444063101
202444063102
202444063103
202444063104
202444063105
202444063106
202444063107
202444063108
202444063109
202444063110
202444063111
202444063112
202444070101
202444070102
202444070103
202444070104
202444070105
202444070106
202444070107
202444070108
202444070109
202444070110
202444070111
202444070112
202444070201
202444070202
202444070203
202444070204
202444070205
202444070206
202444070207
202444070208
202444070209
202444070210
202444070211
202444070212
202444070301
202444070302
202444070303
202444070304
202444070305
202444070306
202444070307
202444070308
202444070309
202444070310
202444070311
202444070312
202444070401
202444070402
202444070403
202444070404
202444070405
202444070406
202444070407
202444070408
202444070409
202444070410
202444070411
202444070412
202444070501
202444070502
202444070503
202444070504
202444070505
202444070506
202444070507
202444070508
202444070509
202444070510
202444070511
202444070512
202444070601
202444070602
202444070603
202444070604
202444070605
202444070606
202444070607
202444070608
202444070609
202444070610
202444070611
202444070612
202444070701
202444070702
202444070703
202444070704
202444070705
202444070706
202444070707
202444070708
202444070709
202444070710
202444070711
202444070712
202444070801
202444070802
202444070803
202444070804
202444070805
202444070806
202444070807
202444070808
202444070809
202444070810
202444070811
202444070812
202444070901
202444070902
202444070903
202444070904
202444070905
202444070906
202444070907
202444070908
202444070909
202444070910
202444070911
202444070912
202444071001
202444071002
202444071003
202444071004
202444071005
202444071006
202444071007
202444071008
202444071009
202444071010
202444071011
202444071012
202444071101
202444071102
202444071103
202444071104
202444071105
202444071106
202444071107
202444071108
202444071109
202444071110
202444071111
202444071112
202444071201
202444071202
202444071203
202444071204
202444071205
202444071206
202444071207
202444071208
202444071209
202444071210
202444071211
202444071212
202444071301
202444071302
202444071303
202444071304
202444071305
202444071306
202444071307
202444071308
202444071309
202444071310
202444071311
202444071312
202444071401
202444071402
202444071403
202444071404
202444071405
202444071406
202444071407
202444071408
202444071409
202444071410
202444071411
202444071412
202444071501
202444071502
202444071503
202444071504
202444071505
202444071506
202444071507
202444071508
202444071509
202444071510
202444071511
202444071512
202444071601
202444071602
202444071603
202444071604
202444071605
202444071606
202444071607
202444071608
202444071609
202444071610
202444071611
202444071612
202444071701
202444071702
202444071703
202444071704
202444071705
202444071706
202444071707
202444071708
202444071709
202444071710
202444071711
202444071712
202444071801
202444071802
202444071803
202444071804
202444071805
202444071806
202444071807
202444071808
202444071809
202444071810
202444071811
202444071812
202444071901
202444071902
202444071903
202444071904
202444071905
202444071906
202444071907
202444071908
202444071909
202444071910
202444071911
202444071912
202444072001
202444072002
202444072003
202444072004
202444072005
202444072006
202444072007
202444072008
202444072009
202444072010
202444072011
202444072012
202444072101
202444072102
202444072103
202444072104
202444072105
202444072106
202444072107
202444072108
202444072109
202444072110
202444072111
202444072112
202444072201
202444072202
202444072203
202444072204
202444072205
202444072206
202444072207
202444072208
202444072209
202444072210
202444072211
202444072212
202444072301
202444072302
202444072303
202444072304
202444072305
202444072306
202444072307
202444072308
202444072309
202444072310
202444072311
202444072312
202444072401
202444072402
202444072403
202444072404
202444072405
202444072406
202444072407
202444072408
202444072409
202444072410
202444072411
202444072412
202444072501
202444072502
202444072503
202444072504
202444072505
202444072506
202444072507
202444072508
202444072509
202444072510
202444072511
202444072512
202444072601
202444072602
202444072603
202444072604
202444072605
202444072606
202444072607
202444072608
202444072609
202444072610
202444072611
202444072612
202444072701
202444072702
202444072703
202444072704
202444072705
202444072706
202444072707
202444072708
202444072709
202444072710
202444072711
202444072712
202444072801
202444072802
202444072803
202444072804
202444072805
202444072806
202444072807
202444072808
202444072809
202444072810
202444072811
202444072812
202444072901
202444072902
202444072903
202444072904
202444072905
202444072906
202444072907
202444072908
202444072909
202444072910
202444072911
202444072912
202444073001
202444073002
202444073003
202444073004
202444073005
202444073006
202444073007
202444073008
202444073009
202444073010
202444073011
202444073012
202444073101
202444073102
202444073103
202444073104
202444073105
202444073106
202444073107
202444073108
202444073109
202444073110
202444073111
202444073112
202444080101
202444080102
202444080103
202444080104
202444080105
202444080106
202444080107
202444080108
202444080109
202444080110
202444080111
202444080112
202444080201
202444080202
202444080203
202444080204
202444080205
202444080206
202444080207
202444080208
202444080209
202444080210
202444080211
202444080212
202444080301
202444080302
202444080303
202444080304
202444080305
202444080306
202444080307
202444080308
202444080309
202444080310
202444080311
202444080312
202444080401
202444080402
202444080403
202444080404
202444080405
202444080406
202444080407
202444080408
202444080409
202444080410
202444080411
202444080412
202444080501
202444080502
202444080503
202444080504
202444080505
202444080506
202444080507
202444080508
202444080509
202444080510
202444080511
202444080512
202444080601
202444080602
202444080603
202444080604
202444080605
202444080606
202444080607
202444080608
202444080609
202444080610
202444080611
202444080612
202444080701
202444080702
202444080703
202444080704
202444080705
202444080706
202444080707
202444080708
202444080709
202444080710
202444080711
202444080712
202444080801
202444080802
202444080803
202444080804
202444080805
202444080806
202444080807
202444080808
202444080809
202444080810
202444080811
202444080812
202444080901
202444080902
202444080903
202444080904
202444080905
202444080906
202444080907
202444080908
202444080909
202444080910
202444080911
202444080912
202444081001
202444081002
202444081003
202444081004
202444081005
202444081006
202444081007
202444081008
202444081009
202444081010
202444081011
202444081012
202444081101
202444081102
202444081103
202444081104
202444081105
202444081106
202444081107
202444081108
202444081109
202444081110
202444081111
202444081112
202444081201
202444081202
202444081203
202444081204
202444081205
202444081206
202444081207
202444081208
202444081209
202444081210
202444081211
202444081212
202444081301
202444081302
202444081303
202444081304
202444081305
202444081306
202444081307
202444081308
202444081309
202444081310
202444081311
202444081312
202444081401
202444081402
202444081403
202444081404
202444081405
202444081406
202444081407
202444081408
202444081409
202444081410
202444081411
202444081412
202444081501
202444081502
202444081503
202444081504
202444081505
202444081506
202444081507
202444081508
202444081509
202444081510
202444081511
202444081512
202444081601
202444081602
202444081603
202444081604
202444081605
202444081606
202444081607
202444081608
202444081609
202444081610
202444081611
202444081612
202444081701
202444081702
202444081703
202444081704
202444081705
202444081706
202444081707
202444081708
202444081709
202444081710
202444081711
202444081712
202444081801
202444081802
202444081803
202444081804
202444081805
202444081806
202444081807
202444081808
202444081809
202444081810
202444081811
202444081812
202444081901
202444081902
202444081903
202444081904
202444081905
202444081906
202444081907
202444081908
202444081909
202444081910
202444081911
202444081912
202444082001
202444082002
202444082003
202444082004
202444082005
202444082006
202444082007
202444082008
202444082009
202444082010
202444082011
202444082012
202444082101
202444082102
202444082103
202444082104
202444082105
202444082106
202444082107
202444082108
202444082109
202444082110
202444082111
202444082112
202444082201
202444082202
202444082203
202444082204
202444082205
202444082206
202444082207
202444082208
202444082209
202444082210
202444082211
202444082212
202444082301
202444082302
202444082303
202444082304
202444082305
202444082306
202444082307
202444082308
202444082309
202444082310
202444082311
202444082312
202444082401
202444082402
202444082403
202444082404
202444082405
202444082406
202444082407
202444082408
202444082409
202444082410
202444082411
202444082412
202444082501
202444082502
202444082503
202444082504
202444082505
202444082506
202444082507
202444082508
202444082509
202444082510
202444082511
202444082512
202444082601
202444082602
202444082603
202444082604
202444082605
202444082606
202444082607
202444082608
202444082609
202444082610
202444082611
202444082612
202444082701
202444082702
202444082703
202444082704
202444082705
202444082706
202444082707
202444082708
202444082709
202444082710
202444082711
202444082712
202444082801
202444082802
202444082803
202444082804
202444082805
202444082806
202444082807
202444082808
202444082809
202444082810
202444082811
202444082812
202444082901
202444082902
202444082903
202444082904
202444082905
202444082906
202444082907
202444082908
202444082909
202444082910
202444082911
202444082912
202444083001
202444083002
202444083003
202444083004
202444083005
202444083006
202444083007
202444083008
202444083009
202444083010
202444083011
202444083012
202444083101
202444083102
202444083103
202444083104
202444083105
202444083106
202444083107
202444083108
202444083109
202444083110
202444083111
202444083112
202444090101
202444090102
202444090103
202444090104
202444090105
202444090106
202444090107
202444090108
202444090109
202444090110
202444090111
202444090112
202444090201
202444090202
202444090203
202444090204
202444090205
202444090206
202444090207
202444090208
202444090209
202444090210
202444090211
202444090212
202444090301
202444090302
202444090303
202444090304
202444090305
202444090306
202444090307
202444090308
202444090309
202444090310
202444090311
202444090312
202444090401
202444090402
202444090403
202444090404
202444090405
202444090406
202444090407
202444090408
202444090409
202444090410
202444090411
202444090412
202444090501
202444090502
202444090503
202444090504
202444090505
202444090506
202444090507
202444090508
202444090509
202444090510
202444090511
202444090512
202444090601
202444090602
202444090603
202444090604
202444090605
202444090606
202444090607
202444090608
202444090609
202444090610
202444090611
202444090612
202444090701
202444090702
202444090703
202444090704
202444090705
202444090706
202444090707
202444090708
202444090709
202444090710
202444090711
202444090712
202444090801
202444090802
202444090803
202444090804
202444090805
202444090806
202444090807
202444090808
202444090809
202444090810
202444090811
202444090812
202444090901
202444090902
202444090903
202444090904
202444090905
202444090906
202444090907
202444090908
202444090909
202444090910
202444090911
202444090912
202444091001
202444091002
202444091003
202444091004
202444091005
202444091006
202444091007
202444091008
202444091009
202444091010
202444091011
202444091012
202444091101
202444091102
202444091103
202444091104
202444091105
202444091106
202444091107
202444091108
202444091109
202444091110
202444091111
202444091112
202444091201
202444091202
202444091203
202444091204
202444091205
202444091206
202444091207
202444091208
202444091209
202444091210
202444091211
202444091212
202444091301
202444091302
202444091303
202444091304
202444091305
202444091306
202444091307
202444091308
202444091309
202444091310
202444091311
202444091312
202444091401
202444091402
202444091403
202444091404
202444091405
202444091406
202444091407
202444091408
202444091409
202444091410
202444091411
202444091412
202444091501
202444091502
202444091503
202444091504
202444091505
202444091506
202444091507
202444091508
202444091509
202444091510
202444091511
202444091512
202444091601
202444091602
202444091603
202444091604
202444091605
202444091606
202444091607
202444091608
202444091609
202444091610
202444091611
202444091612
202444091701
202444091702
202444091703
202444091704
202444091705
202444091706
202444091707
202444091708
202444091709
202444091710
202444091711
202444091712
202444091801
202444091802
202444091803
202444091804
202444091805
202444091806
202444091807
202444091808
202444091809
202444091810
202444091811
202444091812
202444091901
202444091902
202444091903
202444091904
202444091905
202444091906
202444091907
202444091908
202444091909
202444091910
202444091911
202444091912
202444092001
202444092002
202444092003
202444092004
202444092005
202444092006
202444092007
202444092008
202444092009
202444092010
202444092011
202444092012
202444092101
202444092102
202444092103
202444092104
202444092105
202444092106
202444092107
202444092108
202444092109
202444092110
202444092111
202444092112
202444092201
202444092202
202444092203
202444092204
202444092205
202444092206
202444092207
202444092208
202444092209
202444092210
202444092211
202444092212
202444092301
202444092302
202444092303
202444092304
202444092305
202444092306
202444092307
202444092308
202444092309
202444092310
202444092311
202444092312
202444092401
202444092402
202444092403
202444092404
202444092405
202444092406
202444092407
202444092408
202444092409
202444092410
202444092411
202444092412
202444092501
202444092502
202444092503
202444092504
202444092505
202444092506
202444092507
202444092508
202444092509
202444092510
202444092511
202444092512
202444092601
202444092602
202444092603
202444092604
202444092605
202444092606
202444092607
202444092608
202444092609
202444092610
202444092611
202444092612
202444092701
202444092702
202444092703
202444092704
202444092705
202444092706
202444092707
202444092708
202444092709
202444092710
202444092711
202444092712
202444092801
202444092802
202444092803
202444092804
202444092805
202444092806
202444092807
202444092808
202444092809
202444092810
202444092811
202444092812
202444092901
202444092902
202444092903
202444092904
202444092905
202444092906
202444092907
202444092908
202444092909
202444092910
202444092911
202444092912
202444093001
202444093002
202444093003
202444093004
202444093005
202444093006
202444093007
202444093008
202444093009
202444093010
202444093011
202444093012
202444093101
202444093102
202444093103
202444093104
202444093105
202444093106
202444093107
202444093108
202444093109
202444093110
202444093111
202444093112
202444100101
202444100102
202444100103
202444100104
202444100105
202444100106
202444100107
202444100108
202444100109
202444100110
202444100111
202444100112
202444100201
202444100202
202444100203
202444100204
202444100205
202444100206
202444100207
202444100208
202444100209
202444100210
202444100211
202444100212
202444100301
202444100302
202444100303
202444100304
202444100305
202444100306
202444100307
202444100308
202444100309
202444100310
202444100311
202444100312
202444100401
202444100402
202444100403
202444100404
202444100405
202444100406
202444100407
202444100408
202444100409
202444100410
202444100411
202444100412
202444100501
202444100502
202444100503
202444100504
202444100505
202444100506
202444100507
202444100508
202444100509
202444100510
202444100511
202444100512
202444100601
202444100602
202444100603
202444100604
202444100605
202444100606
202444100607
202444100608
202444100609
202444100610
202444100611
202444100612
202444100701
202444100702
202444100703
202444100704
202444100705
202444100706
202444100707
202444100708
202444100709
202444100710
202444100711
202444100712
202444100801
202444100802
202444100803
202444100804
202444100805
202444100806
202444100807
202444100808
202444100809
202444100810
202444100811
202444100812
202444100901
202444100902
202444100903
202444100904
202444100905
202444100906
202444100907
202444100908
202444100909
202444100910
202444100911
202444100912
202444101001
202444101002
202444101003
202444101004
202444101005
202444101006
202444101007
202444101008
202444101009
202444101010
202444101011
202444101012
202444101101
202444101102
202444101103
202444101104
202444101105
202444101106
202444101107
202444101108
202444101109
202444101110
202444101111
202444101112
202444101201
202444101202
202444101203
202444101204
202444101205
202444101206
202444101207
202444101208
202444101209
202444101210
202444101211
202444101212
202444101301
202444101302
202444101303
202444101304
202444101305
202444101306
202444101307
202444101308
202444101309
202444101310
202444101311
202444101312
202444101401
202444101402
202444101403
202444101404
202444101405
202444101406
202444101407
202444101408
202444101409
202444101410
202444101411
202444101412
202444101501
202444101502
202444101503
202444101504
202444101505
202444101506
202444101507
202444101508
202444101509
202444101510
202444101511
202444101512
202444101601
202444101602
202444101603
202444101604
202444101605
202444101606
202444101607
202444101608
202444101609
202444101610
202444101611
202444101612
202444101701
202444101702
202444101703
202444101704
202444101705
202444101706
202444101707
202444101708
202444101709
202444101710
202444101711
202444101712
202444101801
202444101802
202444101803
202444101804
202444101805
202444101806
202444101807
202444101808
202444101809
202444101810
202444101811
202444101812
202444101901
202444101902
202444101903
202444101904
202444101905
202444101906
202444101907
202444101908
202444101909
202444101910
202444101911
202444101912
202444102001
202444102002
202444102003
202444102004
202444102005
202444102006
202444102007
202444102008
202444102009
202444102010
202444102011
202444102012
202444102101
202444102102
202444102103
202444102104
202444102105
202444102106
202444102107
202444102108
202444102109
202444102110
202444102111
202444102112
202444102201
202444102202
202444102203
202444102204
202444102205
202444102206
202444102207
202444102208
202444102209
202444102210
202444102211
202444102212
202444102301
202444102302
202444102303
202444102304
202444102305
202444102306
202444102307
202444102308
202444102309
202444102310
202444102311
202444102312
202444102401
202444102402
202444102403
202444102404
202444102405
202444102406
202444102407
202444102408
202444102409
202444102410
202444102411
202444102412
202444102501
202444102502
202444102503
202444102504
202444102505
202444102506
202444102507
202444102508
202444102509
202444102510
202444102511
202444102512
202444102601
202444102602
202444102603
202444102604
202444102605
202444102606
202444102607
202444102608
202444102609
202444102610
202444102611
202444102612
202444102701
202444102702
202444102703
202444102704
202444102705
202444102706
202444102707
202444102708
202444102709
202444102710
202444102711
202444102712
202444102801
202444102802
202444102803
202444102804
202444102805
202444102806
202444102807
202444102808
202444102809
202444102810
202444102811
202444102812
202444102901
202444102902
202444102903
202444102904
202444102905
202444102906
202444102907
202444102908
202444102909
202444102910
202444102911
202444102912
202444103001
202444103002
202444103003
202444103004
202444103005
202444103006
202444103007
202444103008
202444103009
202444103010
202444103011
202444103012
202444103101
202444103102
202444103103
202444103104
202444103105
202444103106
202444103107
202444103108
202444103109
202444103110
202444103111
202444103112
202444110101
202444110102
202444110103
202444110104
202444110105
202444110106
202444110107
202444110108
202444110109
202444110110
202444110111
202444110112
202444110201
202444110202
202444110203
202444110204
202444110205
202444110206
202444110207
202444110208
202444110209
202444110210
202444110211
202444110212
202444110301
202444110302
202444110303
202444110304
202444110305
202444110306
202444110307
202444110308
202444110309
202444110310
202444110311
202444110312
202444110401
202444110402
202444110403
202444110404
202444110405
202444110406
202444110407
202444110408
202444110409
202444110410
202444110411
202444110412
202444110501
202444110502
202444110503
202444110504
202444110505
202444110506
202444110507
202444110508
202444110509
202444110510
202444110511
202444110512
202444110601
202444110602
202444110603
202444110604
202444110605
202444110606
202444110607
202444110608
202444110609
202444110610
202444110611
202444110612
202444110701
202444110702
202444110703
202444110704
202444110705
202444110706
202444110707
202444110708
202444110709
202444110710
202444110711
202444110712
202444110801
202444110802
202444110803
202444110804
202444110805
202444110806
202444110807
202444110808
202444110809
202444110810
202444110811
202444110812
202444110901
202444110902
202444110903
202444110904
202444110905
202444110906
202444110907
202444110908
202444110909
202444110910
202444110911
202444110912
202444111001
202444111002
202444111003
202444111004
202444111005
202444111006
202444111007
202444111008
202444111009
202444111010
202444111011
202444111012
202444111101
202444111102
202444111103
202444111104
202444111105
202444111106
202444111107
202444111108
202444111109
202444111110
202444111111
202444111112
202444111201
202444111202
202444111203
202444111204
202444111205
202444111206
202444111207
202444111208
202444111209
202444111210
202444111211
202444111212
202444111301
202444111302
202444111303
202444111304
202444111305
202444111306
202444111307
202444111308
202444111309
202444111310
202444111311
202444111312
202444111401
202444111402
202444111403
202444111404
202444111407
202444111408
202444111409
202444111410
202444111411
202444111412
202444111501
202444111502
202444111503
202444111504
202444111505
202444111506
202444111507
202444111508
202444111509
202444111510
202444111511
202444111512
202444111601
202444111602
202444111603
202444111604
202444111605
202444111606
202444111607
202444111608
202444111609
202444111610
202444111611
202444111612
202444111701
202444111702
202444111703
202444111704
202444111705
202444111706
202444111707
202444111708
202444111709
202444111710
202444111711
202444111712
202444111801
202444111802
202444111803
202444111804
202444111805
202444111806
202444111807
202444111808
202444111809
202444111810
202444111811
202444111812
202444111901
202444111902
202444111903
202444111904
202444111905
202444111906
202444111907
202444111908
202444111909
202444111910
202444111911
202444111912
202444112001
202444112002
202444112003
202444112004
202444112005
202444112006
202444112007
202444112008
202444112009
202444112010
202444112011
202444112012
202444112101
202444112102
202444112103
202444112104
202444112105
202444112106
202444112107
202444112108
202444112109
202444112110
202444112111
202444112112
202444112201
202444112202
202444112203
202444112204
202444112205
202444112206
202444112207
202444112208
202444112209
202444112210
202444112211
202444112212
202444112301
202444112302
202444112303
202444112304
202444112305
202444112306
202444112307
202444112308
202444112309
202444112310
202444112311
202444112312
202444112401
202444112402
202444112403
202444112404
202444112405
202444112406
202444112407
202444112408
202444112409
202444112410
202444112411
202444112412
202444112501
202444112502
202444112503
202444112504
202444112505
202444112506
202444112507
202444112508
202444112509
202444112510
202444112511
202444112512
202444112601
202444112602
202444112603
202444112604
202444112605
202444112606
202444112607
202444112608
202444112609
202444112610
202444112611
202444112612
202444112701
202444112702
202444112703
202444112704
202444112705
202444112706
202444112707
202444112708
202444112709
202444112710
202444112711
202444112712
202444112801
202444112802
202444112803
202444112804
202444112805
202444112806
202444112807
202444112808
202444112809
202444112810
202444112811
202444112812
202444112901
202444112902
202444112903
202444112904
202444112905
202444112906
202444112907
202444112908
202444112909
202444112910
202444112911
202444112912
202444113001
202444113002
202444113003
202444113004
202444113005
202444113006
202444113007
202444113008
202444113009
202444113010
202444113011
202444113012
202444113101
202444113102
202444113103
202444113104
202444113105
202444113106
202444113107
202444113108
202444113109
202444113110
202444113111
202444113112
202444120101
202444120102
202444120103
202444120104
202444120105
202444120106
202444120107
202444120108
202444120109
202444120110
202444120111
202444120112
202444120201
202444120202
202444120203
202444120204
202444120205
202444120206
202444120207
202444120208
202444120209
202444120210
202444120211
202444120212
202444120301
202444120302
202444120303
202444120304
202444120305
202444120306
202444120307
202444120308
202444120309
202444120310
202444120311
202444120312
202444120401
202444120402
202444120403
202444120404
202444120405
202444120406
202444120407
202444120408
202444120409
202444120410
202444120411
202444120412
202444120501
202444120502
202444120503
202444120504
202444120505
202444120506
202444120507
202444120508
202444120509
202444120510
202444120511
202444120512
202444120601
202444120602
202444120603
202444120604
202444120605
202444120606
202444120607
202444120608
202444120609
202444120610
202444120611
202444120612
202444120701
202444120702
202444120703
202444120704
202444120705
202444120706
202444120707
202444120708
202444120709
202444120710
202444120711
202444120712
202444120801
202444120802
202444120803
202444120804
202444120805
202444120806
202444120807
202444120808
202444120809
202444120810
202444120811
202444120812
202444120901
202444120902
202444120903
202444120904
202444120905
202444120906
202444120907
202444120908
202444120909
202444120910
202444120911
202444120912
202444121001
202444121002
202444121003
202444121004
202444121005
202444121006
202444121007
202444121008
202444121009
202444121010
202444121011
202444121012
202444121101
202444121102
202444121103
202444121104
202444121105
202444121106
202444121107
202444121108
202444121109
202444121110
202444121111
202444121112
202444121201
202444121202
202444121203
202444121204
202444121205
202444121206
202444121207
202444121208
202444121209
202444121210
202444121211
202444121212
202444121301
202444121302
202444121303
202444121304
202444121305
202444121306
202444121307
202444121308
202444121309
202444121310
202444121311
202444121312
202444121401
202444121402
202444121403
202444121404
202444121405
202444121406
202444121407
202444121408
202444121409
202444121410
202444121411
202444121412
202444121501
202444121502
202444121503
202444121504
202444121505
202444121506
202444121507
202444121508
202444121509
202444121510
202444121511
202444121512
202444121601
202444121602
202444121603
202444121604
202444121605
202444121606
202444121607
202444121608
202444121609
202444121610
202444121611
202444121612
202444121701
202444121702
202444121703
202444121704
202444121705
202444121706
202444121707
202444121708
202444121709
202444121710
202444121711
202444121712
202444121801
202444121802
202444121803
202444121804
202444121805
202444121806
202444121807
202444121808
202444121809
202444121810
202444121811
202444121812
202444121901
202444121902
202444121903
202444121904
202444121905
202444121906
202444121907
202444121908
202444121909
202444121910
202444121911
202444121912
202444122001
202444122002
202444122003
202444122004
202444122005
202444122006
202444122007
202444122008
202444122009
202444122010
202444122011
202444122012
202444122101
202444122102
202444122103
202444122104
202444122105
202444122106
202444122107
202444122108
202444122109
202444122110
202444122111
202444122112
202444122201
202444122202
202444122203
202444122204
202444122205
202444122206
202444122207
202444122208
202444122209
202444122210
202444122211
202444122212
202444122301
202444122302
202444122303
202444122304
202444122305
202444122306
202444122307
202444122308
202444122309
202444122310
202444122311
202444122312
202444122401
202444122402
202444122403
202444122404
202444122405
202444122406
202444122407
202444122408
202444122409
202444122410
202444122411
202444122412
202444122501
202444122502
202444122503
202444122504
202444122505
202444122506
202444122507
202444122508
202444122509
202444122510
202444122511
202444122512
202444122601
202444122602
202444122603
202444122604
202444122605
202444122606
202444122607
202444122608
202444122609
202444122610
202444122611
202444122612
202444122701
202444122702
202444122703
202444122704
202444122705
202444122706
202444122707
202444122708
202444122709
202444122710
202444122711
202444122712
202444122801
202444122802
202444122803
202444122804
202444122805
202444122806
202444122807
202444122808
202444122809
202444122810
202444122811
202444122812
202444122901
202444122902
202444122903
202444122904
202444122905
202444122906
202444122907
202444122908
202444122909
202444122910
202444122911
202444122912
202444123001
202444123002
202444123003
202444123004
202444123005
202444123006
202444123007
202444123008
202444123009
202444123010
202444123011
202444123012
202444123101
202444123102
202444123103
202444123104
202444123105
202444123106
202444123107
202444123108
202444123109
202444123110
202444123111
202444123112
