202544010101
202544010102
202544010103
202544010104
202544010105
202544010106
202544010107
202544010108
202544010109
202544010110
202544010111
202544010112
202544010201
202544010202
202544010203
202544010204
202544010205
202544010206
202544010207
202544010208
202544010209
202544010210
202544010211
202544010212
202544010301
202544010302
202544010303
202544010304
202544010305
202544010306
202544010307
202544010308
202544010309
202544010310
202544010311
202544010312
202544010401
202544010402
202544010403
202544010404
202544010405
202544010406
202544010407
202544010408
202544010409
202544010410
202544010411
202544010412
202544010501
202544010502
202544010503
202544010504
202544010505
202544010506
202544010507
202544010508
202544010509
202544010510
202544010511
202544010512
202544010601
202544010602
202544010603
202544010604
202544010605
202544010606
202544010607
202544010608
202544010609
202544010610
202544010611
202544010612
202544010701
202544010702
202544010703
202544010704
202544010705
202544010706
202544010707
202544010708
202544010709
202544010710
202544010711
202544010712
202544010801
202544010802
202544010803
202544010804
202544010805
202544010806
202544010807
202544010808
202544010809
202544010810
202544010811
202544010812
202544010901
202544010902
202544010903
202544010904
202544010905
202544010906
202544010907
202544010908
202544010909
202544010910
202544010911
202544010912
202544011001
202544011002
202544011003
202544011004
202544011005
202544011006
202544011007
202544011008
202544011009
202544011010
202544011011
202544011012
202544011101
202544011102
202544011103
202544011104
202544011105
202544011106
202544011107
202544011108
202544011109
202544011110
202544011111
202544011112
202544011201
202544011202
202544011203
202544011204
202544011205
202544011206
202544011207
202544011208
202544011209
202544011210
202544011211
202544011212
202544011301
202544011302
202544011303
202544011304
202544011305
202544011306
202544011307
202544011308
202544011309
202544011310
202544011311
202544011312
202544011401
202544011402
202544011403
202544011404
202544011405
202544011406
202544011407
202544011408
202544011409
202544011410
202544011411
202544011412
202544011501
202544011502
202544011503
202544011504
202544011505
202544011506
202544011507
202544011508
202544011509
202544011510
202544011511
202544011512
202544011601
202544011602
202544011603
202544011604
202544011605
202544011606
202544011607
202544011608
202544011609
202544011610
202544011611
202544011612
202544011701
202544011702
202544011703
202544011704
202544011705
202544011706
202544011707
202544011708
202544011709
202544011710
202544011711
202544011712
202544011801
202544011802
202544011803
202544011804
202544011805
202544011806
202544011807
202544011808
202544011809
202544011810
202544011811
202544011812
202544011901
202544011902
202544011903
202544011904
202544011905
202544011906
202544011907
202544011908
202544011909
202544011910
202544011911
202544011912
202544012001
202544012002
202544012003
202544012004
202544012005
202544012006
202544012007
202544012008
202544012009
202544012010
202544012011
202544012012
202544012101
202544012102
202544012103
202544012104
202544012105
202544012106
202544012107
202544012108
202544012109
202544012110
202544012111
202544012112
202544012201
202544012202
202544012203
202544012204
202544012205
202544012206
202544012207
202544012208
202544012209
202544012210
202544012211
202544012212
202544012301
202544012302
202544012303
202544012304
202544012305
202544012306
202544012307
202544012308
202544012309
202544012310
202544012311
202544012312
202544012401
202544012402
202544012403
202544012404
202544012405
202544012406
202544012407
202544012408
202544012409
202544012410
202544012411
202544012412
202544012501
202544012502
202544012503
202544012504
202544012505
202544012506
202544012507
202544012508
202544012509
202544012510
202544012511
202544012512
202544012601
202544012602
202544012603
202544012604
202544012605
202544012606
202544012607
202544012608
202544012609
202544012610
202544012611
202544012612
202544012701
202544012702
202544012703
202544012704
202544012705
202544012706
202544012707
202544012708
202544012709
202544012710
202544012711
202544012712
202544012801
202544012802
202544012803
202544012804
202544012805
202544012806
202544012807
202544012808
202544012809
202544012810
202544012811
202544012812
202544012901
202544012902
202544012903
202544012904
202544012905
202544012906
202544012907
202544012908
202544012909
202544012910
202544012911
202544012912
202544013001
202544013002
202544013003
202544013004
202544013005
202544013006
202544013007
202544013008
202544013009
202544013010
202544013011
202544013012
202544013101
202544013102
202544013103
202544013104
202544013105
202544013106
202544013107
202544013108
202544013109
202544013110
202544013111
202544013112
202544020101
202544020102
202544020103
202544020104
202544020105
202544020106
202544020107
202544020108
202544020109
202544020110
202544020111
202544020112
202544020201
202544020202
202544020203
202544020204
202544020205
202544020206
202544020207
202544020208
202544020209
202544020210
202544020211
202544020212
202544020301
202544020302
202544020303
202544020304
202544020305
202544020306
202544020307
202544020308
202544020309
202544020310
202544020311
202544020312
202544020401
202544020402
202544020403
202544020404
202544020405
202544020406
202544020407
202544020408
202544020409
202544020410
202544020411
202544020412
202544020501
202544020502
202544020503
202544020504
202544020505
202544020506
202544020507
202544020508
202544020509
202544020510
202544020511
202544020512
202544020601
202544020602
202544020603
202544020604
202544020605
202544020606
202544020607
202544020608
202544020609
202544020610
202544020611
202544020612
202544020701
202544020702
202544020703
202544020704
202544020705
202544020706
202544020707
202544020708
202544020709
202544020710
202544020711
202544020712
202544020801
202544020802
202544020803
202544020804
202544020805
202544020806
202544020807
202544020808
202544020809
202544020810
202544020811
202544020812
202544020901
202544020902
202544020903
202544020904
202544020905
202544020906
202544020907
202544020908
202544020909
202544020910
202544020911
202544020912
202544021001
202544021002
202544021003
202544021004
202544021005
202544021006
202544021007
202544021008
202544021009
202544021010
202544021011
202544021012
202544021101
202544021102
202544021103
202544021104
202544021105
202544021106
202544021107
202544021108
202544021109
202544021110
202544021111
202544021112
202544021201
202544021202
202544021203
202544021204
202544021205
202544021206
202544021207
202544021208
202544021209
202544021210
202544021211
202544021212
202544021301
202544021302
202544021303
202544021304
202544021305
202544021306
202544021307
202544021308
202544021309
202544021310
202544021311
202544021312
202544021401
202544021402
202544021403
202544021404
202544021405
202544021406
202544021407
202544021408
202544021409
202544021410
202544021411
202544021412
202544021501
202544021502
202544021503
202544021504
202544021505
202544021506
202544021507
202544021508
202544021509
202544021510
202544021511
202544021512
202544021601
202544021602
202544021603
202544021604
202544021605
202544021606
202544021607
202544021608
202544021609
202544021610
202544021611
202544021612
202544021701
202544021702
202544021703
202544021704
202544021705
202544021706
202544021707
202544021708
202544021709
202544021710
202544021711
202544021712
202544021801
202544021802
202544021803
202544021804
202544021805
202544021806
202544021807
202544021808
202544021809
202544021810
202544021811
202544021812
202544021901
202544021902
202544021903
202544021904
202544021905
202544021906
202544021907
202544021908
202544021909
202544021910
202544021911
202544021912
202544022001
202544022002
202544022003
202544022004
202544022005
202544022006
202544022007
202544022008
202544022009
202544022010
202544022011
202544022012
202544022101
202544022102
202544022103
202544022104
202544022105
202544022106
202544022107
202544022108
202544022109
202544022110
202544022111
202544022112
202544022201
202544022202
202544022203
202544022204
202544022205
202544022206
202544022207
202544022208
202544022209
202544022210
202544022211
202544022212
202544022301
202544022302
202544022303
202544022304
202544022305
202544022306
202544022307
202544022308
202544022309
202544022310
202544022311
202544022312
202544022401
202544022402
202544022403
202544022404
202544022405
202544022406
202544022407
202544022408
202544022409
202544022410
202544022411
202544022412
202544022501
202544022502
202544022503
202544022504
202544022505
202544022506
202544022507
202544022508
202544022509
202544022510
202544022511
202544022512
202544022601
202544022602
202544022603
202544022604
202544022605
202544022606
202544022607
202544022608
202544022609
202544022610
202544022611
202544022612
202544022701
202544022702
202544022703
202544022704
202544022705
202544022706
202544022707
202544022708
202544022709
202544022710
202544022711
202544022712
202544022801
202544022802
202544022803
202544022804
202544022805
202544022806
202544022807
202544022808
202544022809
202544022810
202544022811
202544022812
202544022901
202544022902
202544022903
202544022904
202544022905
202544022906
202544022907
202544022908
202544022909
202544022910
202544022911
202544022912
202544023001
202544023002
202544023003
202544023004
202544023005
202544023006
202544023007
202544023008
202544023009
202544023010
202544023011
202544023012
202544023101
202544023102
202544023103
202544023104
202544023105
202544023106
202544023107
202544023108
202544023109
202544023110
202544023111
202544023112
202544030101
202544030102
202544030103
202544030104
202544030105
202544030106
202544030107
202544030108
202544030109
202544030110
202544030111
202544030112
202544030201
202544030202
202544030203
202544030204
202544030205
202544030206
202544030207
202544030208
202544030209
202544030210
202544030211
202544030212
202544030301
202544030302
202544030303
202544030304
202544030305
202544030306
202544030307
202544030308
202544030309
202544030310
202544030311
202544030312
202544030401
202544030402
202544030403
202544030404
202544030405
202544030406
202544030407
202544030408
202544030409
202544030410
202544030411
202544030412
202544030501
202544030502
202544030503
202544030504
202544030505
202544030506
202544030507
202544030508
202544030509
202544030510
202544030511
202544030512
202544030601
202544030602
202544030603
202544030604
202544030605
202544030606
202544030607
202544030608
202544030609
202544030610
202544030611
202544030612
202544030701
202544030702
202544030703
202544030704
202544030705
202544030706
202544030707
202544030708
202544030709
202544030710
202544030711
202544030712
202544030801
202544030802
202544030803
202544030804
202544030805
202544030806
202544030807
202544030808
202544030809
202544030810
202544030811
202544030812
202544030901
202544030902
202544030903
202544030904
202544030905
202544030906
202544030907
202544030908
202544030909
202544030910
202544030911
202544030912
202544031001
202544031002
202544031003
202544031004
202544031005
202544031006
202544031007
202544031008
202544031009
202544031010
202544031011
202544031012
202544031101
202544031102
202544031103
202544031104
202544031105
202544031106
202544031107
202544031108
202544031109
202544031110
202544031111
202544031112
202544031201
202544031202
202544031203
202544031204
202544031205
202544031206
202544031207
202544031208
202544031209
202544031210
202544031211
202544031212
202544031301
202544031302
202544031303
202544031304
202544031305
202544031306
202544031307
202544031308
202544031309
202544031310
202544031311
202544031312
202544031401
202544031402
202544031403
202544031404
202544031405
202544031406
202544031407
202544031408
202544031409
202544031410
202544031411
202544031412
202544031501
202544031502
202544031503
202544031504
202544031505
202544031506
202544031507
202544031508
202544031509
202544031510
202544031511
202544031512
202544031601
202544031602
202544031603
202544031604
202544031605
202544031606
202544031607
202544031608
202544031609
202544031610
202544031611
202544031612
202544031701
202544031702
202544031703
202544031704
202544031705
202544031706
202544031707
202544031708
202544031709
202544031710
202544031711
202544031712
202544031801
202544031802
202544031803
202544031804
202544031805
202544031806
202544031807
202544031808
202544031809
202544031810
202544031811
202544031812
202544031901
202544031902
202544031903
202544031904
202544031905
202544031906
202544031907
202544031908
202544031909
202544031910
202544031911
202544031912
202544032001
202544032002
202544032003
202544032004
202544032005
202544032006
202544032007
202544032008
202544032009
202544032010
202544032011
202544032012
202544032101
202544032102
202544032103
202544032104
202544032105
202544032106
202544032107
202544032108
202544032109
202544032110
202544032111
202544032112
202544032201
202544032202
202544032203
202544032204
202544032205
202544032206
202544032207
202544032208
202544032209
202544032210
202544032211
202544032212
202544032301
202544032302
202544032303
202544032304
202544032305
202544032306
202544032307
202544032308
202544032309
202544032310
202544032311
202544032312
202544032401
202544032402
202544032403
202544032404
202544032405
202544032406
202544032407
202544032408
202544032409
202544032410
202544032411
202544032412
202544032501
202544032502
202544032503
202544032504
202544032505
202544032506
202544032507
202544032508
202544032509
202544032510
202544032511
202544032512
202544032601
202544032602
202544032603
202544032604
202544032605
202544032606
202544032607
202544032608
202544032609
202544032610
202544032611
202544032612
202544032701
202544032702
202544032703
202544032704
202544032705
202544032706
202544032707
202544032708
202544032709
202544032710
202544032711
202544032712
202544032801
202544032802
202544032803
202544032804
202544032805
202544032806
202544032807
202544032808
202544032809
202544032810
202544032811
202544032812
202544032901
202544032902
202544032903
202544032904
202544032905
202544032906
202544032907
202544032908
202544032909
202544032910
202544032911
202544032912
202544033001
202544033002
202544033003
202544033004
202544033005
202544033006
202544033007
202544033008
202544033009
202544033010
202544033011
202544033012
202544033101
202544033102
202544033103
202544033104
202544033105
202544033106
202544033107
202544033108
202544033109
202544033110
202544033111
202544033112
202544040101
202544040102
202544040103
202544040104
202544040105
202544040106
202544040107
202544040108
202544040109
202544040110
202544040111
202544040112
202544040201
202544040202
202544040203
202544040204
202544040205
202544040206
202544040207
202544040208
202544040209
202544040210
202544040211
202544040212
202544040301
202544040302
202544040303
202544040304
202544040305
202544040306
202544040307
202544040308
202544040309
202544040310
202544040311
202544040312
202544040401
202544040402
202544040403
202544040404
202544040405
202544040406
202544040407
202544040408
202544040409
202544040410
202544040411
202544040412
202544040501
202544040502
202544040503
202544040504
202544040505
202544040506
202544040507
202544040508
202544040509
202544040510
202544040511
202544040512
202544040601
202544040602
202544040603
202544040604
202544040605
202544040606
202544040607
202544040608
202544040609
202544040610
202544040611
202544040612
202544040701
202544040702
202544040703
202544040704
202544040705
202544040706
202544040707
202544040708
202544040709
202544040710
202544040711
202544040712
202544040801
202544040802
202544040803
202544040804
202544040805
202544040806
202544040807
202544040808
202544040809
202544040810
202544040811
202544040812
202544040901
202544040902
202544040903
202544040904
202544040905
202544040906
202544040907
202544040908
202544040909
202544040910
202544040911
202544040912
202544041001
202544041002
202544041003
202544041004
202544041005
202544041006
202544041007
202544041008
202544041009
202544041010
202544041011
202544041012
202544041101
202544041102
202544041103
202544041104
202544041105
202544041106
202544041107
202544041108
202544041109
202544041110
202544041111
202544041112
202544041201
202544041202
202544041203
202544041204
202544041205
202544041206
202544041207
202544041208
202544041209
202544041210
202544041211
202544041212
202544041301
202544041302
202544041303
202544041304
202544041305
202544041306
202544041307
202544041308
202544041309
202544041310
202544041311
202544041312
202544041401
202544041402
202544041403
202544041404
202544041405
202544041406
202544041407
202544041408
202544041409
202544041410
202544041411
202544041412
202544041501
202544041502
202544041503
202544041504
202544041505
202544041506
202544041507
202544041508
202544041509
202544041510
202544041511
202544041512
202544041601
202544041602
202544041603
202544041604
202544041605
202544041606
202544041607
202544041608
202544041609
202544041610
202544041611
202544041612
202544041701
202544041702
202544041703
202544041704
202544041705
202544041706
202544041707
202544041708
202544041709
202544041710
202544041711
202544041712
202544041801
202544041802
202544041803
202544041804
202544041805
202544041806
202544041807
202544041808
202544041809
202544041810
202544041811
202544041812
202544041901
202544041902
202544041903
202544041904
202544041905
202544041906
202544041907
202544041908
202544041909
202544041910
202544041911
202544041912
202544042001
202544042002
202544042003
202544042004
202544042005
202544042006
202544042007
202544042008
202544042009
202544042010
202544042011
202544042012
202544042101
202544042102
202544042103
202544042104
202544042105
202544042106
202544042107
202544042108
202544042109
202544042110
202544042111
202544042112
202544042201
202544042202
202544042203
202544042204
202544042205
202544042206
202544042207
202544042208
202544042209
202544042210
202544042211
202544042212
202544042301
202544042302
202544042303
202544042304
202544042305
202544042306
202544042307
202544042308
202544042309
202544042310
202544042311
202544042312
202544042401
202544042402
202544042403
202544042404
202544042405
202544042406
202544042407
202544042408
202544042409
202544042410
202544042411
202544042412
202544042501
202544042502
202544042503
202544042504
202544042505
202544042506
202544042507
202544042508
202544042509
202544042510
202544042511
202544042512
202544042601
202544042602
202544042603
202544042604
202544042605
202544042606
202544042607
202544042608
202544042609
202544042610
202544042611
202544042612
202544042701
202544042702
202544042703
202544042704
202544042705
202544042706
202544042707
202544042708
202544042709
202544042710
202544042711
202544042712
202544042801
202544042802
202544042803
202544042804
202544042805
202544042806
202544042807
202544042808
202544042809
202544042810
202544042811
202544042812
202544042901
202544042902
202544042903
202544042904
202544042905
202544042906
202544042907
202544042908
202544042909
202544042910
202544042911
202544042912
202544043001
202544043002
202544043003
202544043004
202544043005
202544043006
202544043007
202544043008
202544043009
202544043010
202544043011
202544043012
202544043101
202544043102
202544043103
202544043104
202544043105
202544043106
202544043107
202544043108
202544043109
202544043110
202544043111
202544043112
202544050101
202544050102
202544050103
202544050104
202544050105
202544050106
202544050107
202544050108
202544050109
202544050110
202544050111
202544050112
202544050201
202544050202
202544050203
202544050204
202544050205
202544050206
202544050207
202544050208
202544050209
202544050210
202544050211
202544050212
202544050301
202544050302
202544050303
202544050304
202544050305
202544050306
202544050307
202544050308
202544050309
202544050310
202544050311
202544050312
202544050401
202544050402
202544050403
202544050404
202544050405
202544050406
202544050407
202544050408
202544050409
202544050410
202544050411
202544050412
202544050501
202544050502
202544050503
202544050504
202544050505
202544050506
202544050507
202544050508
202544050509
202544050510
202544050511
202544050512
202544050601
202544050602
202544050603
202544050604
202544050605
202544050606
202544050607
202544050608
202544050609
202544050610
202544050611
202544050612
202544050701
202544050702
202544050703
202544050704
202544050705
202544050706
202544050707
202544050708
202544050709
202544050710
202544050711
202544050712
202544050801
202544050802
202544050803
202544050804
202544050805
202544050806
202544050807
202544050808
202544050809
202544050810
202544050811
202544050812
202544050901
202544050902
202544050903
202544050904
202544050905
202544050906
202544050907
202544050908
202544050909
202544050910
202544050911
202544050912
202544051001
202544051002
202544051003
202544051004
202544051005
202544051006
202544051007
202544051008
202544051009
202544051010
202544051011
202544051012
202544051101
202544051102
202544051103
202544051104
202544051105
202544051106
202544051107
202544051108
202544051109
202544051110
202544051111
202544051112
202544051201
202544051202
202544051203
202544051204
202544051205
202544051206
202544051207
202544051208
202544051209
202544051210
202544051211
202544051212
202544051301
202544051302
202544051303
202544051304
202544051305
202544051306
202544051307
202544051308
202544051309
202544051310
202544051311
202544051312
202544051401
202544051402
202544051403
202544051404
202544051405
202544051406
202544051407
202544051408
202544051409
202544051410
202544051411
202544051412
202544051501
202544051502
202544051503
202544051504
202544051505
202544051506
202544051507
202544051508
202544051509
202544051510
202544051511
202544051512
202544051601
202544051602
202544051603
202544051604
202544051605
202544051606
202544051607
202544051608
202544051609
202544051610
202544051611
202544051612
202544051701
202544051702
202544051703
202544051704
202544051705
202544051706
202544051707
202544051708
202544051709
202544051710
202544051711
202544051712
202544051801
202544051802
202544051803
202544051804
202544051805
202544051806
202544051807
202544051808
202544051809
202544051810
202544051811
202544051812
202544051901
202544051902
202544051903
202544051904
202544051905
202544051906
202544051907
202544051908
202544051909
202544051910
202544051911
202544051912
202544052001
202544052002
202544052003
202544052004
202544052005
202544052006
202544052007
202544052008
202544052009
202544052010
202544052011
202544052012
202544052101
202544052102
202544052103
202544052104
202544052105
202544052106
202544052107
202544052108
202544052109
202544052110
202544052111
202544052112
202544052201
202544052202
202544052203
202544052204
202544052205
202544052206
202544052207
202544052208
202544052209
202544052210
202544052211
202544052212
202544052301
202544052302
202544052303
202544052304
202544052305
202544052306
202544052307
202544052308
202544052309
202544052310
202544052311
202544052312
202544052401
202544052402
202544052403
202544052404
202544052405
202544052406
202544052407
202544052408
202544052409
202544052410
202544052411
202544052412
202544052501
202544052502
202544052503
202544052504
202544052505
202544052506
202544052507
202544052508
202544052509
202544052510
202544052511
202544052512
202544052601
202544052602
202544052603
202544052604
202544052605
202544052606
202544052607
202544052608
202544052609
202544052610
202544052611
202544052612
202544052701
202544052702
202544052703
202544052704
202544052705
202544052706
202544052707
202544052708
202544052709
202544052710
202544052711
202544052712
202544052801
202544052802
202544052803
202544052804
202544052805
202544052806
202544052807
202544052808
202544052809
202544052810
202544052811
202544052812
202544052901
202544052902
202544052903
202544052904
202544052905
202544052906
202544052907
202544052908
202544052909
202544052910
202544052911
202544052912
202544053001
202544053002
202544053003
202544053004
202544053005
202544053006
202544053007
202544053008
202544053009
202544053010
202544053011
202544053012
202544053101
202544053102
202544053103
202544053104
202544053105
202544053106
202544053107
202544053108
202544053109
202544053110
202544053111
202544053112
202544060101
202544060102
202544060103
202544060104
202544060105
202544060106
202544060107
202544060108
202544060109
202544060110
202544060111
202544060112
202544060201
202544060202
202544060203
202544060204
202544060205
202544060206
202544060207
202544060208
202544060209
202544060210
202544060211
202544060212
202544060301
202544060302
202544060303
202544060304
202544060305
202544060306
202544060307
202544060308
202544060309
202544060310
202544060311
202544060312
202544060401
202544060402
202544060403
202544060404
202544060405
202544060406
202544060407
202544060408
202544060409
202544060410
202544060411
202544060412
202544060501
202544060502
202544060503
202544060504
202544060505
202544060506
202544060507
202544060508
202544060509
202544060510
202544060511
202544060512
202544060601
202544060602
202544060603
202544060604
202544060605
202544060606
202544060607
202544060608
202544060609
202544060610
202544060611
202544060612
202544060701
202544060702
202544060703
202544060704
202544060705
202544060706
202544060707
202544060708
202544060709
202544060710
202544060711
202544060712
202544060801
202544060802
202544060803
202544060804
202544060805
202544060806
202544060807
202544060808
202544060809
202544060810
202544060811
202544060812
202544060901
202544060902
202544060903
202544060904
202544060905
202544060906
202544060907
202544060908
202544060909
202544060910
202544060911
202544060912
202544061001
202544061002
202544061003
202544061004
202544061005
202544061006
202544061007
202544061008
202544061009
202544061010
202544061011
202544061012
202544061101
202544061102
202544061103
202544061104
202544061105
202544061106
202544061107
202544061108
202544061109
202544061110
202544061111
202544061112
202544061201
202544061202
202544061203
202544061204
202544061205
202544061206
202544061207
202544061208
202544061209
202544061210
202544061211
202544061212
202544061301
202544061302
202544061303
202544061304
202544061305
202544061306
202544061307
202544061308
202544061309
202544061310
202544061311
202544061312
202544061401
202544061402
202544061403
202544061404
202544061405
202544061406
202544061407
202544061408
202544061409
202544061410
202544061411
202544061412
202544061501
202544061502
202544061503
202544061504
202544061505
202544061506
202544061507
202544061508
202544061509
202544061510
202544061511
202544061512
202544061601
202544061602
202544061603
202544061604
202544061605
202544061606
202544061607
202544061608
202544061609
202544061610
202544061611
202544061612
202544061701
202544061702
202544061703
202544061704
202544061705
202544061706
202544061707
202544061708
202544061709
202544061710
202544061711
202544061712
202544061801
202544061802
202544061803
202544061804
202544061805
202544061806
202544061807
202544061808
202544061809
202544061810
202544061811
202544061812
202544061901
202544061902
202544061903
202544061904
202544061905
202544061906
202544061907
202544061908
202544061909
202544061910
202544061911
202544061912
202544062001
202544062002
202544062003
202544062004
202544062005
202544062006
202544062007
202544062008
202544062009
202544062010
202544062011
202544062012
202544062101
202544062102
202544062103
202544062104
202544062105
202544062106
202544062107
202544062108
202544062109
202544062110
202544062111
202544062112
202544062201
202544062202
202544062203
202544062204
202544062205
202544062206
202544062207
202544062208
202544062209
202544062210
202544062211
202544062212
202544062301
202544062302
202544062303
202544062304
202544062305
202544062306
202544062307
202544062308
202544062309
202544062310
202544062311
202544062312
202544062401
202544062402
202544062403
202544062404
202544062405
202544062406
202544062407
202544062408
202544062409
202544062410
202544062411
202544062412
202544062501
202544062502
202544062503
202544062504
202544062505
202544062506
202544062507
202544062508
202544062509
202544062510
202544062511
202544062512
202544062601
202544062602
202544062603
202544062604
202544062605
202544062606
202544062607
202544062608
202544062609
202544062610
202544062611
202544062612
202544062701
202544062702
202544062703
202544062704
202544062705
202544062706
202544062707
202544062708
202544062709
202544062710
202544062711
202544062712
202544062801
202544062802
202544062803
202544062804
202544062805
202544062806
202544062807
202544062808
202544062809
202544062810
202544062811
202544062812
202544062901
202544062902
202544062903
202544062904
202544062905
202544062906
202544062907
202544062908
202544062909
202544062910
202544062911
202544062912
202544063001
202544063002
202544063003
202544063004
202544063005
202544063006
202544063007
202544063008
202544063009
202544063010
202544063011
202544063012
202544063101
202544063102
202544063103
202544063104
202544063105
202544063106
202544063107
202544063108
202544063109
202544063110
202544063111
202544063112
202544070101
202544070102
202544070103
202544070104
202544070105
202544070106
202544070107
202544070108
202544070109
202544070110
202544070111
202544070112
202544070201
202544070202
202544070203
202544070204
202544070205
202544070206
202544070207
202544070208
202544070209
202544070210
202544070211
202544070212
202544070301
202544070302
202544070303
202544070304
202544070305
202544070306
202544070307
202544070308
202544070309
202544070310
202544070311
202544070312
202544070401
202544070402
202544070403
202544070404
202544070405
202544070406
202544070407
202544070408
202544070409
202544070410
202544070411
202544070412
202544070501
202544070502
202544070503
202544070504
202544070505
202544070506
202544070507
202544070508
202544070509
202544070510
202544070511
202544070512
202544070601
202544070602
202544070603
202544070604
202544070605
202544070606
202544070607
202544070608
202544070609
202544070610
202544070611
202544070612
202544070701
202544070702
202544070703
202544070704
202544070705
202544070706
202544070707
202544070708
202544070709
202544070710
202544070711
202544070712
202544070801
202544070802
202544070803
202544070804
202544070805
202544070806
202544070807
202544070808
202544070809
202544070810
202544070811
202544070812
202544070901
202544070902
202544070903
202544070904
202544070905
202544070906
202544070907
202544070908
202544070909
202544070910
202544070911
202544070912
202544071001
202544071002
202544071003
202544071004
202544071005
202544071006
202544071007
202544071008
202544071009
202544071010
202544071011
202544071012
202544071101
202544071102
202544071103
202544071104
202544071105
202544071106
202544071107
202544071108
202544071109
202544071110
202544071111
202544071112
202544071201
202544071202
202544071203
202544071204
202544071205
202544071206
202544071207
202544071208
202544071209
202544071210
202544071211
202544071212
202544071301
202544071302
202544071303
202544071304
202544071305
202544071306
202544071307
202544071308
202544071309
202544071310
202544071311
202544071312
202544071401
202544071402
202544071403
202544071404
202544071405
202544071406
202544071407
202544071408
202544071409
202544071410
202544071411
202544071412
202544071501
202544071502
202544071503
202544071504
202544071505
202544071506
202544071507
202544071508
202544071509
202544071510
202544071511
202544071512
202544071601
202544071602
202544071603
202544071604
202544071605
202544071606
202544071607
202544071608
202544071609
202544071610
202544071611
202544071612
202544071701
202544071702
202544071703
202544071704
202544071705
202544071706
202544071707
202544071708
202544071709
202544071710
202544071711
202544071712
202544071801
202544071802
202544071803
202544071804
202544071805
202544071806
202544071807
202544071808
202544071809
202544071810
202544071811
202544071812
202544071901
202544071902
202544071903
202544071904
202544071905
202544071906
202544071907
202544071908
202544071909
202544071910
202544071911
202544071912
202544072001
202544072002
202544072003
202544072004
202544072005
202544072006
202544072007
202544072008
202544072009
202544072010
202544072011
202544072012
202544072101
202544072102
202544072103
202544072104
202544072105
202544072106
202544072107
202544072108
202544072109
202544072110
202544072111
202544072112
202544072201
202544072202
202544072203
202544072204
202544072205
202544072206
202544072207
202544072208
202544072209
202544072210
202544072211
202544072212
202544072301
202544072302
202544072303
202544072304
202544072305
202544072306
202544072307
202544072308
202544072309
202544072310
202544072311
202544072312
202544072401
202544072402
202544072403
202544072404
202544072405
202544072406
202544072407
202544072408
202544072409
202544072410
202544072411
202544072412
202544072501
202544072502
202544072503
202544072504
202544072505
202544072506
202544072507
202544072508
202544072509
202544072510
202544072511
202544072512
202544072601
202544072602
202544072603
202544072604
202544072605
202544072606
202544072607
202544072608
202544072609
202544072610
202544072611
202544072612
202544072701
202544072702
202544072703
202544072704
202544072705
202544072706
202544072707
202544072708
202544072709
202544072710
202544072711
202544072712
202544072801
202544072802
202544072803
202544072804
202544072805
202544072806
202544072807
202544072808
202544072809
202544072810
202544072811
202544072812
202544072901
202544072902
202544072903
202544072904
202544072905
202544072906
202544072907
202544072908
202544072909
202544072910
202544072911
202544072912
202544073001
202544073002
202544073003
202544073004
202544073005
202544073006
202544073007
202544073008
202544073009
202544073010
202544073011
202544073012
202544073101
202544073102
202544073103
202544073104
202544073105
202544073106
202544073107
202544073108
202544073109
202544073110
202544073111
202544073112
202544080101
202544080102
202544080103
202544080104
202544080105
202544080106
202544080107
202544080108
202544080109
202544080110
202544080111
202544080112
202544080201
202544080202
202544080203
202544080204
202544080205
202544080206
202544080207
202544080208
202544080209
202544080210
202544080211
202544080212
202544080301
202544080302
202544080303
202544080304
202544080305
202544080306
202544080307
202544080308
202544080309
202544080310
202544080311
202544080312
202544080401
202544080402
202544080403
202544080404
202544080405
202544080406
202544080407
202544080408
202544080409
202544080410
202544080411
202544080412
202544080501
202544080502
202544080503
202544080504
202544080505
202544080506
202544080507
202544080508
202544080509
202544080510
202544080511
202544080512
202544080601
202544080602
202544080603
202544080604
202544080605
202544080606
202544080607
202544080608
202544080609
202544080610
202544080611
202544080612
202544080701
202544080702
202544080703
202544080704
202544080705
202544080706
202544080707
202544080708
202544080709
202544080710
202544080711
202544080712
202544080801
202544080802
202544080803
202544080804
202544080805
202544080806
202544080807
202544080808
202544080809
202544080810
202544080811
202544080812
202544080901
202544080902
202544080903
202544080904
202544080905
202544080906
202544080907
202544080908
202544080909
202544080910
202544080911
202544080912
202544081001
202544081002
202544081003
202544081004
202544081005
202544081006
202544081007
202544081008
202544081009
202544081010
202544081011
202544081012
202544081101
202544081102
202544081103
202544081104
202544081105
202544081106
202544081107
202544081108
202544081109
202544081110
202544081111
202544081112
202544081201
202544081202
202544081203
202544081204
202544081205
202544081206
202544081207
202544081208
202544081209
202544081210
202544081211
202544081212
202544081301
202544081302
202544081303
202544081304
202544081305
202544081306
202544081307
202544081308
202544081309
202544081310
202544081311
202544081312
202544081401
202544081402
202544081403
202544081404
202544081405
202544081406
202544081407
202544081408
202544081409
202544081410
202544081411
202544081412
202544081501
202544081502
202544081503
202544081504
202544081505
202544081506
202544081507
202544081508
202544081509
202544081510
202544081511
202544081512
202544081601
202544081602
202544081603
202544081604
202544081605
202544081606
202544081607
202544081608
202544081609
202544081610
202544081611
202544081612
202544081701
202544081702
202544081703
202544081704
202544081705
202544081706
202544081707
202544081708
202544081709
202544081710
202544081711
202544081712
202544081801
202544081802
202544081803
202544081804
202544081805
202544081806
202544081807
202544081808
202544081809
202544081810
202544081811
202544081812
202544081901
202544081902
202544081903
202544081904
202544081905
202544081906
202544081907
202544081908
202544081909
202544081910
202544081911
202544081912
202544082001
202544082002
202544082003
202544082004
202544082005
202544082006
202544082007
202544082008
202544082009
202544082010
202544082011
202544082012
202544082101
202544082102
202544082103
202544082104
202544082105
202544082106
202544082107
202544082108
202544082109
202544082110
202544082111
202544082112
202544082201
202544082202
202544082203
202544082204
202544082205
202544082206
202544082207
202544082208
202544082209
202544082210
202544082211
202544082212
202544082301
202544082302
202544082303
202544082304
202544082305
202544082306
202544082307
202544082308
202544082309
202544082310
202544082311
202544082312
202544082401
202544082402
202544082403
202544082404
202544082405
202544082406
202544082407
202544082408
202544082409
202544082410
202544082411
202544082412
202544082501
202544082502
202544082503
202544082504
202544082505
202544082506
202544082507
202544082508
202544082509
202544082510
202544082511
202544082512
202544082601
202544082602
202544082603
202544082604
202544082605
202544082606
202544082607
202544082608
202544082609
202544082610
202544082611
202544082612
202544082701
202544082702
202544082703
202544082704
202544082705
202544082706
202544082707
202544082708
202544082709
202544082710
202544082711
202544082712
202544082801
202544082802
202544082803
202544082804
202544082805
202544082806
202544082807
202544082808
202544082809
202544082810
202544082811
202544082812
202544082901
202544082902
202544082903
202544082904
202544082905
202544082906
202544082907
202544082908
202544082909
202544082910
202544082911
202544082912
202544083001
202544083002
202544083003
202544083004
202544083005
202544083006
202544083007
202544083008
202544083009
202544083010
202544083011
202544083012
202544083101
202544083102
202544083103
202544083104
202544083105
202544083106
202544083107
202544083108
202544083109
202544083110
202544083111
202544083112
202544090101
202544090102
202544090103
202544090104
202544090105
202544090106
202544090107
202544090108
202544090109
202544090110
202544090111
202544090112
202544090201
202544090202
202544090203
202544090204
202544090205
202544090206
202544090207
202544090208
202544090209
202544090210
202544090211
202544090212
202544090301
202544090302
202544090303
202544090304
202544090305
202544090306
202544090307
202544090308
202544090309
202544090310
202544090311
202544090312
202544090401
202544090402
202544090403
202544090404
202544090405
202544090406
202544090407
202544090408
202544090409
202544090410
202544090411
202544090412
202544090501
202544090502
202544090503
202544090504
202544090505
202544090506
202544090507
202544090508
202544090509
202544090510
202544090511
202544090512
202544090601
202544090602
202544090603
202544090604
202544090605
202544090606
202544090607
202544090608
202544090609
202544090610
202544090611
202544090612
202544090701
202544090702
202544090703
202544090704
202544090705
202544090706
202544090707
202544090708
202544090709
202544090710
202544090711
202544090712
202544090801
202544090802
202544090803
202544090804
202544090805
202544090806
202544090807
202544090808
202544090809
202544090810
202544090811
202544090812
202544090901
202544090902
202544090903
202544090904
202544090905
202544090906
202544090907
202544090908
202544090909
202544090910
202544090911
202544090912
202544091001
202544091002
202544091003
202544091004
202544091005
202544091006
202544091007
202544091008
202544091009
202544091010
202544091011
202544091012
202544091101
202544091102
202544091103
202544091104
202544091105
202544091106
202544091107
202544091108
202544091109
202544091110
202544091111
202544091112
202544091201
202544091202
202544091203
202544091204
202544091205
202544091206
202544091207
202544091208
202544091209
202544091210
202544091211
202544091212
202544091301
202544091302
202544091303
202544091304
202544091305
202544091306
202544091307
202544091308
202544091309
202544091310
202544091311
202544091312
202544091401
202544091402
202544091403
202544091404
202544091405
202544091406
202544091407
202544091408
202544091409
202544091410
202544091411
202544091412
202544091501
202544091502
202544091503
202544091504
202544091505
202544091506
202544091507
202544091508
202544091509
202544091510
202544091511
202544091512
202544091601
202544091602
202544091603
202544091604
202544091605
202544091606
202544091607
202544091608
202544091609
202544091610
202544091611
202544091612
202544091701
202544091702
202544091703
202544091704
202544091705
202544091706
202544091707
202544091708
202544091709
202544091710
202544091711
202544091712
202544091801
202544091802
202544091803
202544091804
202544091805
202544091806
202544091807
202544091808
202544091809
202544091810
202544091811
202544091812
202544091901
202544091902
202544091903
202544091904
202544091905
202544091906
202544091907
202544091908
202544091909
202544091910
202544091911
202544091912
202544092001
202544092002
202544092003
202544092004
202544092005
202544092006
202544092007
202544092008
202544092009
202544092010
202544092011
202544092012
202544092101
202544092102
202544092103
202544092104
202544092105
202544092106
202544092107
202544092108
202544092109
202544092110
202544092111
202544092112
202544092201
202544092202
202544092203
202544092204
202544092205
202544092206
202544092207
202544092208
202544092209
202544092210
202544092211
202544092212
202544092301
202544092302
202544092303
202544092304
202544092305
202544092306
202544092307
202544092308
202544092309
202544092310
202544092311
202544092312
202544092401
202544092402
202544092403
202544092404
202544092405
202544092406
202544092407
202544092408
202544092409
202544092410
202544092411
202544092412
202544092501
202544092502
202544092503
202544092504
202544092505
202544092506
202544092507
202544092508
202544092509
202544092510
202544092511
202544092512
202544092601
202544092602
202544092603
202544092604
202544092605
202544092606
202544092607
202544092608
202544092609
202544092610
202544092611
202544092612
202544092701
202544092702
202544092703
202544092704
202544092705
202544092706
202544092707
202544092708
202544092709
202544092710
202544092711
202544092712
202544092801
202544092802
202544092803
202544092804
202544092805
202544092806
202544092807
202544092808
202544092809
202544092810
202544092811
202544092812
202544092901
202544092902
202544092903
202544092904
202544092905
202544092906
202544092907
202544092908
202544092909
202544092910
202544092911
202544092912
202544093001
202544093002
202544093003
202544093004
202544093005
202544093006
202544093007
202544093008
202544093009
202544093010
202544093011
202544093012
202544093101
202544093102
202544093103
202544093104
202544093105
202544093106
202544093107
202544093108
202544093109
202544093110
202544093111
202544093112
202544100101
202544100102
202544100103
202544100104
202544100105
202544100106
202544100107
202544100108
202544100109
202544100110
202544100111
202544100112
202544100201
202544100202
202544100203
202544100204
202544100205
202544100206
202544100207
202544100208
202544100209
202544100210
202544100211
202544100212
202544100301
202544100302
202544100303
202544100304
202544100305
202544100306
202544100307
202544100308
202544100309
202544100310
202544100311
202544100312
202544100401
202544100402
202544100403
202544100404
202544100405
202544100406
202544100407
202544100408
202544100409
202544100410
202544100411
202544100412
202544100501
202544100502
202544100503
202544100504
202544100505
202544100506
202544100507
202544100508
202544100509
202544100510
202544100511
202544100512
202544100601
202544100602
202544100603
202544100604
202544100605
202544100606
202544100607
202544100608
202544100609
202544100610
202544100611
202544100612
202544100701
202544100702
202544100703
202544100704
202544100705
202544100706
202544100707
202544100708
202544100709
202544100710
202544100711
202544100712
202544100801
202544100802
202544100803
202544100804
202544100805
202544100806
202544100807
202544100808
202544100809
202544100810
202544100811
202544100812
202544100901
202544100902
202544100903
202544100904
202544100905
202544100906
202544100907
202544100908
202544100909
202544100910
202544100911
202544100912
202544101001
202544101002
202544101003
202544101004
202544101005
202544101006
202544101007
202544101008
202544101009
202544101010
202544101011
202544101012
202544101101
202544101102
202544101103
202544101104
202544101105
202544101106
202544101107
202544101108
202544101109
202544101110
202544101111
202544101112
202544101201
202544101202
202544101203
202544101204
202544101205
202544101206
202544101207
202544101208
202544101209
202544101210
202544101211
202544101212
202544101301
202544101302
202544101303
202544101304
202544101305
202544101306
202544101307
202544101308
202544101309
202544101310
202544101311
202544101312
202544101401
202544101402
202544101403
202544101404
202544101405
202544101406
202544101407
202544101408
202544101409
202544101410
202544101411
202544101412
202544101501
202544101502
202544101503
202544101504
202544101505
202544101506
202544101507
202544101508
202544101509
202544101510
202544101511
202544101512
202544101601
202544101602
202544101603
202544101604
202544101605
202544101606
202544101607
202544101608
202544101609
202544101610
202544101611
202544101612
202544101701
202544101702
202544101703
202544101704
202544101705
202544101706
202544101707
202544101708
202544101709
202544101710
202544101711
202544101712
202544101801
202544101802
202544101803
202544101804
202544101805
202544101806
202544101807
202544101808
202544101809
202544101810
202544101811
202544101812
202544101901
202544101902
202544101903
202544101904
202544101905
202544101906
202544101907
202544101908
202544101909
202544101910
202544101911
202544101912
202544102001
202544102002
202544102003
202544102004
202544102005
202544102006
202544102007
202544102008
202544102009
202544102010
202544102011
202544102012
202544102101
202544102102
202544102103
202544102104
202544102105
202544102106
202544102107
202544102108
202544102109
202544102110
202544102111
202544102112
202544102201
202544102202
202544102203
202544102204
202544102205
202544102206
202544102207
202544102208
202544102209
202544102210
202544102211
202544102212
202544102301
202544102302
202544102303
202544102304
202544102305
202544102306
202544102307
202544102308
202544102309
202544102310
202544102311
202544102312
202544102401
202544102402
202544102403
202544102404
202544102405
202544102406
202544102407
202544102408
202544102409
202544102410
202544102411
202544102412
202544102501
202544102502
202544102503
202544102504
202544102505
202544102506
202544102507
202544102508
202544102509
202544102510
202544102511
202544102512
202544102601
202544102602
202544102603
202544102604
202544102605
202544102606
202544102607
202544102608
202544102609
202544102610
202544102611
202544102612
202544102701
202544102702
202544102703
202544102704
202544102705
202544102706
202544102707
202544102708
202544102709
202544102710
202544102711
202544102712
202544102801
202544102802
202544102803
202544102804
202544102805
202544102806
202544102807
202544102808
202544102809
202544102810
202544102811
202544102812
202544102901
202544102902
202544102903
202544102904
202544102905
202544102906
202544102907
202544102908
202544102909
202544102910
202544102911
202544102912
202544103001
202544103002
202544103003
202544103004
202544103005
202544103006
202544103007
202544103008
202544103009
202544103010
202544103011
202544103012
202544103101
202544103102
202544103103
202544103104
202544103105
202544103106
202544103107
202544103108
202544103109
202544103110
202544103111
202544103112
202544110101
202544110102
202544110103
202544110104
202544110105
202544110106
202544110107
202544110108
202544110109
202544110110
202544110111
202544110112
202544110201
202544110202
202544110203
202544110204
202544110205
202544110206
202544110207
202544110208
202544110209
202544110210
202544110211
202544110212
202544110301
202544110302
202544110303
202544110304
202544110305
202544110306
202544110307
202544110308
202544110309
202544110310
202544110311
202544110312
202544110401
202544110402
202544110403
202544110404
202544110405
202544110406
202544110407
202544110408
202544110409
202544110410
202544110411
202544110412
202544110501
202544110502
202544110503
202544110504
202544110505
202544110506
202544110507
202544110508
202544110509
202544110510
202544110511
202544110512
202544110601
202544110602
202544110603
202544110604
202544110605
202544110606
202544110607
202544110608
202544110609
202544110610
202544110611
202544110612
202544110701
202544110702
202544110703
202544110704
202544110705
202544110706
202544110707
202544110708
202544110709
202544110710
202544110711
202544110712
202544110801
202544110802
202544110803
202544110804
202544110805
202544110806
202544110807
202544110808
202544110809
202544110810
202544110811
202544110812
202544110901
202544110902
202544110903
202544110904
202544110905
202544110906
202544110907
202544110908
202544110909
202544110910
202544110911
202544110912
202544111001
202544111002
202544111003
202544111004
202544111005
202544111006
202544111007
202544111008
202544111009
202544111010
202544111011
202544111012
202544111101
202544111102
202544111103
202544111104
202544111105
202544111106
202544111107
202544111108
202544111109
202544111110
202544111111
202544111112
202544111201
202544111202
202544111203
202544111204
202544111205
202544111206
202544111207
202544111208
202544111209
202544111210
202544111211
202544111212
202544111301
202544111302
202544111303
202544111304
202544111305
202544111306
202544111307
202544111308
202544111309
202544111310
202544111311
202544111312
202544111401
202544111402
202544111403
202544111404
202544111405
202544111406
202544111407
202544111408
202544111409
202544111410
202544111411
202544111412
202544111501
202544111502
202544111503
202544111504
202544111505
202544111506
202544111507
202544111508
202544111509
202544111510
202544111511
202544111512
202544111601
202544111602
202544111603
202544111604
202544111605
202544111606
202544111607
202544111608
202544111609
202544111610
202544111611
202544111612
202544111701
202544111702
202544111703
202544111704
202544111705
202544111706
202544111707
202544111708
202544111709
202544111710
202544111711
202544111712
202544111801
202544111802
202544111803
202544111804
202544111805
202544111806
202544111807
202544111808
202544111809
202544111810
202544111811
202544111812
202544111901
202544111902
202544111903
202544111904
202544111905
202544111906
202544111907
202544111908
202544111909
202544111910
202544111911
202544111912
202544112001
202544112002
202544112003
202544112004
202544112005
202544112006
202544112007
202544112008
202544112009
202544112010
202544112011
202544112012
202544112101
202544112102
202544112103
202544112104
202544112105
202544112106
202544112107
202544112108
202544112109
202544112110
202544112111
202544112112
202544112201
202544112202
202544112203
202544112204
202544112205
202544112206
202544112207
202544112208
202544112209
202544112210
202544112211
202544112212
202544112301
202544112302
202544112303
202544112304
202544112305
202544112306
202544112307
202544112308
202544112309
202544112310
202544112311
202544112312
202544112401
202544112402
202544112403
202544112404
202544112405
202544112406
202544112407
202544112408
202544112409
202544112410
202544112411
202544112412
202544112501
202544112502
202544112503
202544112504
202544112505
202544112506
202544112507
202544112508
202544112509
202544112510
202544112511
202544112512
202544112601
202544112602
202544112603
202544112604
202544112605
202544112606
202544112607
202544112608
202544112609
202544112610
202544112611
202544112612
202544112701
202544112702
202544112703
202544112704
202544112705
202544112706
202544112707
202544112708
202544112709
202544112710
202544112711
202544112712
202544112801
202544112802
202544112803
202544112804
202544112805
202544112806
202544112807
202544112808
202544112809
202544112810
202544112811
202544112812
202544112901
202544112902
202544112903
202544112904
202544112905
202544112906
202544112907
202544112908
202544112909
202544112910
202544112911
202544112912
202544113001
202544113002
202544113003
202544113004
202544113005
202544113006
202544113007
202544113008
202544113009
202544113010
202544113011
202544113012
202544113101
202544113102
202544113103
202544113104
202544113105
202544113106
202544113107
202544113108
202544113109
202544113110
202544113111
202544113112
202544120101
202544120102
202544120103
202544120104
202544120105
202544120106
202544120107
202544120108
202544120109
202544120110
202544120111
202544120112
202544120201
202544120202
202544120203
202544120204
202544120205
202544120206
202544120207
202544120208
202544120209
202544120210
202544120211
202544120212
202544120301
202544120302
202544120303
202544120304
202544120305
202544120306
202544120307
202544120308
202544120309
202544120310
202544120311
202544120312
202544120401
202544120402
202544120403
202544120404
202544120405
202544120406
202544120407
202544120408
202544120409
202544120410
202544120411
202544120412
202544120501
202544120502
202544120503
202544120504
202544120505
202544120506
202544120507
202544120508
202544120509
202544120510
202544120511
202544120512
202544120601
202544120602
202544120603
202544120604
202544120605
202544120606
202544120607
202544120608
202544120609
202544120610
202544120611
202544120612
202544120701
202544120702
202544120703
202544120704
202544120705
202544120706
202544120707
202544120708
202544120709
202544120710
202544120711
202544120712
202544120801
202544120802
202544120803
202544120804
202544120805
202544120806
202544120807
202544120808
202544120809
202544120810
202544120811
202544120812
202544120901
202544120902
202544120903
202544120904
202544120905
202544120906
202544120907
202544120908
202544120909
202544120910
202544120911
202544120912
202544121001
202544121002
202544121003
202544121004
202544121005
202544121006
202544121007
202544121008
202544121009
202544121010
202544121011
202544121012
202544121101
202544121102
202544121103
202544121104
202544121105
202544121106
202544121107
202544121108
202544121109
202544121110
202544121111
202544121112
202544121201
202544121202
202544121203
202544121204
202544121205
202544121206
202544121207
202544121208
202544121209
202544121210
202544121211
202544121212
202544121301
202544121302
202544121303
202544121304
202544121305
202544121306
202544121307
202544121308
202544121309
202544121310
202544121311
202544121312
202544121401
202544121402
202544121403
202544121404
202544121405
202544121406
202544121407
202544121408
202544121409
202544121410
202544121411
202544121412
202544121501
202544121502
202544121503
202544121504
202544121505
202544121506
202544121507
202544121508
202544121509
202544121510
202544121511
202544121512
202544121601
202544121602
202544121603
202544121604
202544121605
202544121606
202544121607
202544121608
202544121609
202544121610
202544121611
202544121612
202544121701
202544121702
202544121703
202544121704
202544121705
202544121706
202544121707
202544121708
202544121709
202544121710
202544121711
202544121712
202544121801
202544121802
202544121803
202544121804
202544121805
202544121806
202544121807
202544121808
202544121809
202544121810
202544121811
202544121812
202544121901
202544121902
202544121903
202544121904
202544121905
202544121906
202544121907
202544121908
202544121909
202544121910
202544121911
202544121912
202544122001
202544122002
202544122003
202544122004
202544122005
202544122006
202544122007
202544122008
202544122009
202544122010
202544122011
202544122012
202544122101
202544122102
202544122103
202544122104
202544122105
202544122106
202544122107
202544122108
202544122109
202544122110
202544122111
202544122112
202544122201
202544122202
202544122203
202544122204
202544122205
202544122206
202544122207
202544122208
202544122209
202544122210
202544122211
202544122212
202544122301
202544122302
202544122303
202544122304
202544122305
202544122306
202544122307
202544122308
202544122309
202544122310
202544122311
202544122312
202544122401
202544122402
202544122403
202544122404
202544122405
202544122406
202544122407
202544122408
202544122409
202544122410
202544122411
202544122412
202544122501
202544122502
202544122503
202544122504
202544122505
202544122506
202544122507
202544122508
202544122509
202544122510
202544122511
202544122512
202544122601
202544122602
202544122603
202544122604
202544122605
202544122606
202544122607
202544122608
202544122609
202544122610
202544122611
202544122612
202544122701
202544122702
202544122703
202544122704
202544122705
202544122706
202544122707
202544122708
202544122709
202544122710
202544122711
202544122712
202544122801
202544122802
202544122803
202544122804
202544122805
202544122806
202544122807
202544122808
202544122809
202544122810
202544122811
202544122812
202544122901
202544122902
202544122903
202544122904
202544122905
202544122906
202544122907
202544122908
202544122909
202544122910
202544122911
202544122912
202544123001
202544123002
202544123003
202544123004
202544123005
202544123006
202544123007
202544123008
202544123009
202544123010
202544123011
202544123012
202544123101
202544123102
202544123103
202544123104
202544123105
202544123106
202544123107
202544123108
202544123109
202544123110
202544123111
202544123112
