202644010101
202644010102
202644010103
202644010104
202644010105
202644010106
202644010107
202644010108
202644010109
202644010110
202644010111
202644010112
202644010201
202644010202
202644010203
202644010204
202644010205
202644010206
202644010207
202644010208
202644010209
202644010210
202644010211
202644010212
202644010301
202644010302
202644010303
202644010304
202644010305
202644010306
202644010307
202644010308
202644010309
202644010310
202644010311
202644010312
202644010401
202644010402
202644010403
202644010404
202644010405
202644010406
202644010407
202644010408
202644010409
202644010410
202644010411
202644010412
202644010501
